# Inter-Features Correlation

| Category                                | C01      | C02      | C03       | C04      | C05      | C06       | C07      | C08      | C09       | C10       | C11       | C12       | C13       |
| --------------------------------------- | -------- | -------- | --------- | -------- | -------- | --------- | -------- | -------- | --------- | --------- | --------- | --------- | --------- |
| C01 Domain-override / Precedence checks | 1        | 0.275603 | 0.255096  | 0.231073 | 0.278746 | 0.136756  | 0.168059 | 0.213548 | 0.171536  | 0.013457  | 0.394916  | 0.294357  | 0.169002  |
| C02 Event-log fact-extraction           | 0.275603 | 1        | 0.099375  | 0.489099 | 0.39469  | 0.071969  | 0.246644 | 0.520542 | 0.50543   | 0.066356  | 0.278986  | 0.305784  | 0.377844  |
| C03 Text to Model reconstruction        | 0.255096 | 0.099375 | 1         | 0.166793 | 0.217179 | -0.024256 | 0.119028 | 0.145243 | 0.076627  | -0.010961 | 0.146803  | 0.120228  | 0.115539  |
| C04 Compliance / Conformance reasoning  | 0.231073 | 0.489099 | 0.166793  | 1        | 0.461443 | 0.212246  | 0.350444 | 0.670889 | 0.240462  | 0.001977  | 0.306348  | 0.375676  | 0.23632   |
| C05 Counterfactual edits                | 0.278746 | 0.39469  | 0.217179  | 0.461443 | 1        | 0.108363  | 0.200138 | 0.422242 | 0.181293  | 0.127152  | 0.315963  | 0.322856  | 0.284111  |
| C06 Multi-process memory interference   | 0.136756 | 0.071969 | -0.024256 | 0.212246 | 0.108363 | 1         | 0.103318 | 0.170406 | -0.074257 | -0.000686 | 0.187622  | 0.019346  | -0.037493 |
| C07 Change-log diffing                  | 0.168059 | 0.246644 | 0.119028  | 0.350444 | 0.200138 | 0.103318  | 1        | 0.20763  | 0.411795  | -0.05237  | 0.25212   | 0.304743  | 0.172909  |
| C08 Temporal / concurrency reasoning    | 0.213548 | 0.520542 | 0.145243  | 0.670889 | 0.422242 | 0.170406  | 0.20763  | 1        | 0.252273  | 0.076684  | 0.198912  | 0.268363  | 0.2365    |
| C09 Unknown-should-remain-unknown       | 0.171536 | 0.50543  | 0.076627  | 0.240462 | 0.181293 | -0.074257 | 0.411795 | 0.252273 | 1         | -0.065849 | 0.388339  | 0.485568  | 0.325572  |
| C10 Domain-synonym enforcement          | 0.013457 | 0.066356 | -0.010961 | 0.001977 | 0.127152 | -0.000686 | -0.05237 | 0.076684 | -0.065849 | 1         | -0.137659 | -0.105884 | 0.236854  |
| C11 Performance analytics commentary    | 0.394916 | 0.278986 | 0.146803  | 0.306348 | 0.315963 | 0.187622  | 0.25212  | 0.198912 | 0.388339  | -0.137659 | 1         | 0.425627  | 0.030837  |
| C12 Misinformation injection            | 0.294357 | 0.305784 | 0.120228  | 0.375676 | 0.322856 | 0.019346  | 0.304743 | 0.268363 | 0.485568  | -0.105884 | 0.425627  | 1         | 0.262901  |
| C13 Edge-case / low-support prompts     | 0.169002 | 0.377844 | 0.115539  | 0.23632  | 0.284111 | -0.037493 | 0.172909 | 0.2365   | 0.325572  | 0.236854  | 0.030837  | 0.262901  | 1         |