# Inter-Features Correlation

| Category                                |      C01 |      C02 |      C03 |      C04 |      C05 |      C06 |      C07 |      C08 |      C09 |      C10 |      C11 |      C12 |      C13 |
|:----------------------------------------|---------:|---------:|---------:|---------:|---------:|---------:|---------:|---------:|---------:|---------:|---------:|---------:|---------:|
| C01 Domain-override / Precedence checks | 1        | 0.609227 | 0.499259 | 0.451226 | 0.454853 | 0.420039 | 0.448496 | 0.332998 | 0.387358 | 0.261436 | 0.425262 | 0.444059 | 0.555166 |
| C02 Event-log fact-extraction           | 0.609227 | 1        | 0.467502 | 0.581987 | 0.39362  | 0.454352 | 0.586258 | 0.492613 | 0.295062 | 0.432122 | 0.326926 | 0.578102 | 0.699551 |
| C03 Text to Model reconstruction        | 0.499259 | 0.467502 | 1        | 0.497029 | 0.596149 | 0.36032  | 0.469417 | 0.495402 | 0.392971 | 0.518336 | 0.47961  | 0.500145 | 0.558184 |
| C04 Compliance / Conformance reasoning  | 0.451226 | 0.581987 | 0.497029 | 1        | 0.578509 | 0.305059 | 0.537498 | 0.625387 | 0.388542 | 0.382903 | 0.420398 | 0.639862 | 0.59899  |
| C05 Counterfactual edits                | 0.454853 | 0.39362  | 0.596149 | 0.578509 | 1        | 0.348058 | 0.52371  | 0.564341 | 0.280529 | 0.504708 | 0.435832 | 0.463895 | 0.431846 |
| C06 Multi-process memory interference   | 0.420039 | 0.454352 | 0.36032  | 0.305059 | 0.348058 | 1        | 0.321199 | 0.343095 | 0.338438 | 0.253631 | 0.550304 | 0.391321 | 0.31944  |
| C07 Change-log diffing                  | 0.448496 | 0.586258 | 0.469417 | 0.537498 | 0.52371  | 0.321199 | 1        | 0.590011 | 0.267607 | 0.484971 | 0.468536 | 0.560115 | 0.601735 |
| C08 Temporal / concurrency reasoning    | 0.332998 | 0.492613 | 0.495402 | 0.625387 | 0.564341 | 0.343095 | 0.590011 | 1        | 0.348937 | 0.518691 | 0.333    | 0.620314 | 0.476334 |
| C09 Unknown-should-remain-unknown       | 0.387358 | 0.295062 | 0.392971 | 0.388542 | 0.280529 | 0.338438 | 0.267607 | 0.348937 | 1        | 0.404023 | 0.314484 | 0.618793 | 0.49203  |
| C10 Domain-synonym enforcement          | 0.261436 | 0.432122 | 0.518336 | 0.382903 | 0.504708 | 0.253631 | 0.484971 | 0.518691 | 0.404023 | 1        | 0.345664 | 0.499949 | 0.482415 |
| C11 Performance analytics commentary    | 0.425262 | 0.326926 | 0.47961  | 0.420398 | 0.435832 | 0.550304 | 0.468536 | 0.333    | 0.314484 | 0.345664 | 1        | 0.387937 | 0.355462 |
| C12 Misinformation injection            | 0.444059 | 0.578102 | 0.500145 | 0.639862 | 0.463895 | 0.391321 | 0.560115 | 0.620314 | 0.618793 | 0.499949 | 0.387937 | 1        | 0.723097 |
| C13 Edge-case / low-support prompts     | 0.555166 | 0.699551 | 0.558184 | 0.59899  | 0.431846 | 0.31944  | 0.601735 | 0.476334 | 0.49203  | 0.482415 | 0.355462 | 0.723097 | 1        |