# Inter-Features Correlation

| Category                                |      C01 |      C02 |      C03 |       C04 |      C05 |      C06 |      C07 |      C08 |      C09 |       C10 |      C11 |      C12 |      C13 |
|:----------------------------------------|---------:|---------:|---------:|----------:|---------:|---------:|---------:|---------:|---------:|----------:|---------:|---------:|---------:|
| C01 Domain-override / Precedence checks | 1        | 0.426083 | 0.355444 | 0.448948  | 0.327687 | 0.412859 | 0.400638 | 0.483075 | 0.407361 | 0.14164   | 0.449821 | 0.414932 | 0.45636  |
| C02 Event-log fact-extraction           | 0.426083 | 1        | 0.480152 | 0.608316  | 0.388217 | 0.562975 | 0.593895 | 0.568275 | 0.689439 | 0.255743  | 0.585317 | 0.707775 | 0.591237 |
| C03 Text to Model reconstruction        | 0.355444 | 0.480152 | 1        | 0.386498  | 0.347691 | 0.463376 | 0.414096 | 0.394532 | 0.506996 | 0.29268   | 0.420971 | 0.502631 | 0.416629 |
| C04 Compliance / Conformance reasoning  | 0.448948 | 0.608316 | 0.386498 | 1         | 0.617522 | 0.495017 | 0.484453 | 0.699401 | 0.489016 | 0.0831531 | 0.543041 | 0.614963 | 0.450288 |
| C05 Counterfactual edits                | 0.327687 | 0.388217 | 0.347691 | 0.617522  | 1        | 0.424457 | 0.425728 | 0.485775 | 0.401583 | 0.174414  | 0.511012 | 0.472104 | 0.385057 |
| C06 Multi-process memory interference   | 0.412859 | 0.562975 | 0.463376 | 0.495017  | 0.424457 | 1        | 0.602235 | 0.521083 | 0.618581 | 0.286478  | 0.610153 | 0.573495 | 0.563904 |
| C07 Change-log diffing                  | 0.400638 | 0.593895 | 0.414096 | 0.484453  | 0.425728 | 0.602235 | 1        | 0.476829 | 0.647341 | 0.306621  | 0.611832 | 0.553165 | 0.524881 |
| C08 Temporal / concurrency reasoning    | 0.483075 | 0.568275 | 0.394532 | 0.699401  | 0.485775 | 0.521083 | 0.476829 | 1        | 0.505007 | 0.245282  | 0.549009 | 0.627473 | 0.454369 |
| C09 Unknown-should-remain-unknown       | 0.407361 | 0.689439 | 0.506996 | 0.489016  | 0.401583 | 0.618581 | 0.647341 | 0.505007 | 1        | 0.315231  | 0.63383  | 0.652888 | 0.63004  |
| C10 Domain-synonym enforcement          | 0.14164  | 0.255743 | 0.29268  | 0.0831531 | 0.174414 | 0.286478 | 0.306621 | 0.245282 | 0.315231 | 1         | 0.283    | 0.321703 | 0.329693 |
| C11 Performance analytics commentary    | 0.449821 | 0.585317 | 0.420971 | 0.543041  | 0.511012 | 0.610153 | 0.611832 | 0.549009 | 0.63383  | 0.283     | 1        | 0.64546  | 0.510743 |
| C12 Misinformation injection            | 0.414932 | 0.707775 | 0.502631 | 0.614963  | 0.472104 | 0.573495 | 0.553165 | 0.627473 | 0.652888 | 0.321703  | 0.64546  | 1        | 0.590103 |
| C13 Edge-case / low-support prompts     | 0.45636  | 0.591237 | 0.416629 | 0.450288  | 0.385057 | 0.563904 | 0.524881 | 0.454369 | 0.63004  | 0.329693  | 0.510743 | 0.590103 | 1        |