# Inter-Features Correlation

| Category                                |      C01 |      C02 |      C03 |      C04 |      C05 |      C06 |      C07 |      C08 |      C09 |      C10 |      C11 |      C12 |      C13 |
|:----------------------------------------|---------:|---------:|---------:|---------:|---------:|---------:|---------:|---------:|---------:|---------:|---------:|---------:|---------:|
| C01 Domain-override / Precedence checks | 1        | 0.435018 | 0.443727 | 0.474846 | 0.401734 | 0.374368 | 0.376717 | 0.327655 | 0.330267 | 0.224917 | 0.466108 | 0.450163 | 0.514071 |
| C02 Event-log fact-extraction           | 0.435018 | 1        | 0.456121 | 0.586843 | 0.39732  | 0.512448 | 0.64461  | 0.5074   | 0.492285 | 0.504392 | 0.413961 | 0.591621 | 0.699753 |
| C03 Text to Model reconstruction        | 0.443727 | 0.456121 | 1        | 0.507449 | 0.438361 | 0.42465  | 0.435541 | 0.435649 | 0.429145 | 0.535394 | 0.44156  | 0.468056 | 0.498026 |
| C04 Compliance / Conformance reasoning  | 0.474846 | 0.586843 | 0.507449 | 1        | 0.560746 | 0.407907 | 0.525369 | 0.603117 | 0.408785 | 0.447267 | 0.495669 | 0.649472 | 0.609013 |
| C05 Counterfactual edits                | 0.401734 | 0.39732  | 0.438361 | 0.560746 | 1        | 0.411707 | 0.461943 | 0.533889 | 0.275066 | 0.502181 | 0.490385 | 0.508847 | 0.4344   |
| C06 Multi-process memory interference   | 0.374368 | 0.512448 | 0.42465  | 0.407907 | 0.411707 | 1        | 0.38993  | 0.425729 | 0.368517 | 0.335468 | 0.563018 | 0.486768 | 0.395914 |
| C07 Change-log diffing                  | 0.376717 | 0.64461  | 0.435541 | 0.525369 | 0.461943 | 0.38993  | 1        | 0.533792 | 0.472448 | 0.567684 | 0.519708 | 0.582883 | 0.616984 |
| C08 Temporal / concurrency reasoning    | 0.327655 | 0.5074   | 0.435649 | 0.603117 | 0.533889 | 0.425729 | 0.533792 | 1        | 0.295954 | 0.514922 | 0.437834 | 0.592838 | 0.420095 |
| C09 Unknown-should-remain-unknown       | 0.330267 | 0.492285 | 0.429145 | 0.408785 | 0.275066 | 0.368517 | 0.472448 | 0.295954 | 1        | 0.47372  | 0.373526 | 0.547009 | 0.527496 |
| C10 Domain-synonym enforcement          | 0.224917 | 0.504392 | 0.535394 | 0.447267 | 0.502181 | 0.335468 | 0.567684 | 0.514922 | 0.47372  | 1        | 0.421889 | 0.546478 | 0.498238 |
| C11 Performance analytics commentary    | 0.466108 | 0.413961 | 0.44156  | 0.495669 | 0.490385 | 0.563018 | 0.519708 | 0.437834 | 0.373526 | 0.421889 | 1        | 0.45957  | 0.470108 |
| C12 Misinformation injection            | 0.450163 | 0.591621 | 0.468056 | 0.649472 | 0.508847 | 0.486768 | 0.582883 | 0.592838 | 0.547009 | 0.546478 | 0.45957  | 1        | 0.723005 |
| C13 Edge-case / low-support prompts     | 0.514071 | 0.699753 | 0.498026 | 0.609013 | 0.4344   | 0.395914 | 0.616984 | 0.420095 | 0.527496 | 0.498238 | 0.470108 | 0.723005 | 1        |