# Inter-Features Correlation

| Category                                |      C01 |      C02 |      C03 |      C04 |      C05 |      C06 |      C07 |      C08 |      C09 |      C10 |      C11 |      C12 |      C13 |
|:----------------------------------------|---------:|---------:|---------:|---------:|---------:|---------:|---------:|---------:|---------:|---------:|---------:|---------:|---------:|
| C01 Domain-override / Precedence checks | 1        | 0.57618  | 0.434629 | 0.534407 | 0.464444 | 0.422558 | 0.503745 | 0.478657 | 0.497913 | 0.183064 | 0.603964 | 0.593381 | 0.509549 |
| C02 Event-log fact-extraction           | 0.57618  | 1        | 0.486094 | 0.696987 | 0.483459 | 0.626034 | 0.694785 | 0.618317 | 0.711963 | 0.313929 | 0.709755 | 0.790882 | 0.653223 |
| C03 Text to Model reconstruction        | 0.434629 | 0.486094 | 1        | 0.40851  | 0.416889 | 0.379603 | 0.456598 | 0.401886 | 0.496461 | 0.283771 | 0.471794 | 0.518781 | 0.401946 |
| C04 Compliance / Conformance reasoning  | 0.534407 | 0.696987 | 0.40851  | 1        | 0.623604 | 0.511121 | 0.612878 | 0.749451 | 0.561173 | 0.125717 | 0.660125 | 0.68568  | 0.52111  |
| C05 Counterfactual edits                | 0.464444 | 0.483459 | 0.416889 | 0.623604 | 1        | 0.376518 | 0.510674 | 0.548918 | 0.412898 | 0.150565 | 0.561472 | 0.545342 | 0.455019 |
| C06 Multi-process memory interference   | 0.422558 | 0.626034 | 0.379603 | 0.511121 | 0.376518 | 1        | 0.582022 | 0.507829 | 0.628865 | 0.240436 | 0.609915 | 0.618053 | 0.514762 |
| C07 Change-log diffing                  | 0.503745 | 0.694785 | 0.456598 | 0.612878 | 0.510674 | 0.582022 | 1        | 0.522744 | 0.702049 | 0.334484 | 0.746557 | 0.726348 | 0.558797 |
| C08 Temporal / concurrency reasoning    | 0.478657 | 0.618317 | 0.401886 | 0.749451 | 0.548918 | 0.507829 | 0.522744 | 1        | 0.539715 | 0.210214 | 0.594669 | 0.624797 | 0.470669 |
| C09 Unknown-should-remain-unknown       | 0.497913 | 0.711963 | 0.496461 | 0.561173 | 0.412898 | 0.628865 | 0.702049 | 0.539715 | 1        | 0.333562 | 0.690625 | 0.706538 | 0.611618 |
| C10 Domain-synonym enforcement          | 0.183064 | 0.313929 | 0.283771 | 0.125717 | 0.150565 | 0.240436 | 0.334484 | 0.210214 | 0.333562 | 1        | 0.232616 | 0.268259 | 0.350664 |
| C11 Performance analytics commentary    | 0.603964 | 0.709755 | 0.471794 | 0.660125 | 0.561472 | 0.609915 | 0.746557 | 0.594669 | 0.690625 | 0.232616 | 1        | 0.785364 | 0.573015 |
| C12 Misinformation injection            | 0.593381 | 0.790882 | 0.518781 | 0.68568  | 0.545342 | 0.618053 | 0.726348 | 0.624797 | 0.706538 | 0.268259 | 0.785364 | 1        | 0.635025 |
| C13 Edge-case / low-support prompts     | 0.509549 | 0.653223 | 0.401946 | 0.52111  | 0.455019 | 0.514762 | 0.558797 | 0.470669 | 0.611618 | 0.350664 | 0.573015 | 0.635025 | 1        |