# Inter-Features Correlation

| Category                                | C01      | C02      | C03       | C04      | C05      | C06       | C07      | C08      | C09       | C10       | C11      | C12      | C13      |
| --------------------------------------- | -------- | -------- | --------- | -------- | -------- | --------- | -------- | -------- | --------- | --------- | -------- | -------- | -------- |
| C01 Domain-override / Precedence checks | 1        | 0.333    | 0.192224  | 0.315244 | 0.349322 | 0.158712  | 0.449515 | 0.295037 | 0.212558  | 0.11712   | 0.369289 | 0.339027 | 0.209382 |
| C02 Event-log fact-extraction           | 0.333    | 1        | 0.205711  | 0.452681 | 0.292967 | 0.27603   | 0.459702 | 0.529529 | 0.302147  | 0.059278  | 0.30542  | 0.309315 | 0.209084 |
| C03 Text to Model reconstruction        | 0.192224 | 0.205711 | 1         | 0.291406 | 0.203197 | 0.167771  | 0.282163 | 0.197051 | -0.009109 | 0.08608   | 0.220784 | 0.229891 | 0.127973 |
| C04 Compliance / Conformance reasoning  | 0.315244 | 0.452681 | 0.291406  | 1        | 0.5395   | 0.333221  | 0.476594 | 0.615699 | 0.239849  | 0.112938  | 0.424344 | 0.365021 | 0.360271 |
| C05 Counterfactual edits                | 0.349322 | 0.292967 | 0.203197  | 0.5395   | 1        | 0.214691  | 0.362258 | 0.39964  | 0.21122   | 0.158029  | 0.349415 | 0.375601 | 0.403226 |
| C06 Multi-process memory interference   | 0.158712 | 0.27603  | 0.167771  | 0.333221 | 0.214691 | 1         | 0.263882 | 0.341976 | 0.09716   | -0.055198 | 0.296536 | 0.199663 | 0.151902 |
| C07 Change-log diffing                  | 0.449515 | 0.459702 | 0.282163  | 0.476594 | 0.362258 | 0.263882  | 1        | 0.439472 | 0.309965  | 0.042705  | 0.566084 | 0.477405 | 0.249761 |
| C08 Temporal / concurrency reasoning    | 0.295037 | 0.529529 | 0.197051  | 0.615699 | 0.39964  | 0.341976  | 0.439472 | 1        | 0.267585  | 0.028102  | 0.35938  | 0.439577 | 0.301606 |
| C09 Unknown-should-remain-unknown       | 0.212558 | 0.302147 | -0.009109 | 0.239849 | 0.21122  | 0.09716   | 0.309965 | 0.267585 | 1         | -0.001792 | 0.399787 | 0.365124 | 0.231774 |
| C10 Domain-synonym enforcement          | 0.11712  | 0.059278 | 0.08608   | 0.112938 | 0.158029 | -0.055198 | 0.042705 | 0.028102 | -0.001792 | 1         | 0.030245 | 0.101012 | 0.145365 |
| C11 Performance analytics commentary    | 0.369289 | 0.30542  | 0.220784  | 0.424344 | 0.349415 | 0.296536  | 0.566084 | 0.35938  | 0.399787  | 0.030245  | 1        | 0.494472 | 0.343171 |
| C12 Misinformation injection            | 0.339027 | 0.309315 | 0.229891  | 0.365021 | 0.375601 | 0.199663  | 0.477405 | 0.439577 | 0.365124  | 0.101012  | 0.494472 | 1        | 0.40119  |
| C13 Edge-case / low-support prompts     | 0.209382 | 0.209084 | 0.127973  | 0.360271 | 0.403226 | 0.151902  | 0.249761 | 0.301606 | 0.231774  | 0.145365  | 0.343171 | 0.40119  | 1        |