# Inter-Features Correlation

| Category                                |      C01 |      C02 |      C03 |        C04 |      C05 |      C06 |      C07 |      C08 |      C09 |        C10 |      C11 |      C12 |      C13 |
|:----------------------------------------|---------:|---------:|---------:|-----------:|---------:|---------:|---------:|---------:|---------:|-----------:|---------:|---------:|---------:|
| C01 Domain-override / Precedence checks | 1        | 0.30813  | 0.296801 |  0.406311  | 0.302626 | 0.311386 | 0.283256 | 0.41944  | 0.278043 |  0.1002    | 0.400183 | 0.365303 | 0.413236 |
| C02 Event-log fact-extraction           | 0.30813  | 1        | 0.353359 |  0.532436  | 0.317526 | 0.438961 | 0.451635 | 0.45692  | 0.547076 |  0.126052  | 0.450617 | 0.580718 | 0.587009 |
| C03 Text to Model reconstruction        | 0.296801 | 0.353359 | 1        |  0.319142  | 0.291102 | 0.41905  | 0.294109 | 0.279106 | 0.420732 |  0.295652  | 0.319433 | 0.413967 | 0.386009 |
| C04 Compliance / Conformance reasoning  | 0.406311 | 0.532436 | 0.319142 |  1         | 0.594762 | 0.40764  | 0.38218  | 0.663152 | 0.381623 | -0.0138371 | 0.499537 | 0.584403 | 0.433972 |
| C05 Counterfactual edits                | 0.302626 | 0.317526 | 0.291102 |  0.594762  | 1        | 0.406097 | 0.39155  | 0.452888 | 0.340383 |  0.109916  | 0.480487 | 0.465001 | 0.415657 |
| C06 Multi-process memory interference   | 0.311386 | 0.438961 | 0.41905  |  0.40764   | 0.406097 | 1        | 0.529183 | 0.462784 | 0.511388 |  0.314782  | 0.601035 | 0.511215 | 0.434011 |
| C07 Change-log diffing                  | 0.283256 | 0.451635 | 0.294109 |  0.38218   | 0.39155  | 0.529183 | 1        | 0.362191 | 0.5226   |  0.271195  | 0.524954 | 0.437968 | 0.453569 |
| C08 Temporal / concurrency reasoning    | 0.41944  | 0.45692  | 0.279106 |  0.663152  | 0.452888 | 0.462784 | 0.362191 | 1        | 0.391927 |  0.24555   | 0.490242 | 0.597174 | 0.470229 |
| C09 Unknown-should-remain-unknown       | 0.278043 | 0.547076 | 0.420732 |  0.381623  | 0.340383 | 0.511388 | 0.5226   | 0.391927 | 1        |  0.198548  | 0.516227 | 0.564946 | 0.52988  |
| C10 Domain-synonym enforcement          | 0.1002   | 0.126052 | 0.295652 | -0.0138371 | 0.109916 | 0.314782 | 0.271195 | 0.24555  | 0.198548 |  1         | 0.187407 | 0.216574 | 0.289616 |
| C11 Performance analytics commentary    | 0.400183 | 0.450617 | 0.319433 |  0.499537  | 0.480487 | 0.601035 | 0.524954 | 0.490242 | 0.516227 |  0.187407  | 1        | 0.534053 | 0.474374 |
| C12 Misinformation injection            | 0.365303 | 0.580718 | 0.413967 |  0.584403  | 0.465001 | 0.511215 | 0.437968 | 0.597174 | 0.564946 |  0.216574  | 0.534053 | 1        | 0.607792 |
| C13 Edge-case / low-support prompts     | 0.413236 | 0.587009 | 0.386009 |  0.433972  | 0.415657 | 0.434011 | 0.453569 | 0.470229 | 0.52988  |  0.289616  | 0.474374 | 0.607792 | 1        |