# Inter-Features Correlation

| Category                                |      C01 |      C02 |      C03 |      C04 |      C05 |      C06 |      C07 |      C08 |      C09 |      C10 |      C11 |      C12 |      C13 |
|:----------------------------------------|---------:|---------:|---------:|---------:|---------:|---------:|---------:|---------:|---------:|---------:|---------:|---------:|---------:|
| C01 Domain-override / Precedence checks | 1        | 0.426578 | 0.347077 | 0.43877  | 0.356468 | 0.417001 | 0.425731 | 0.446612 | 0.452185 | 0.239691 | 0.496568 | 0.454795 | 0.411035 |
| C02 Event-log fact-extraction           | 0.426578 | 1        | 0.446971 | 0.618393 | 0.432097 | 0.574771 | 0.585737 | 0.590576 | 0.687115 | 0.279291 | 0.592012 | 0.71592  | 0.590998 |
| C03 Text to Model reconstruction        | 0.347077 | 0.446971 | 1        | 0.38585  | 0.331074 | 0.428488 | 0.412112 | 0.343119 | 0.516714 | 0.294151 | 0.445679 | 0.51921  | 0.382803 |
| C04 Compliance / Conformance reasoning  | 0.43877  | 0.618393 | 0.38585  | 1        | 0.657506 | 0.493047 | 0.517325 | 0.678217 | 0.487641 | 0.110464 | 0.587293 | 0.616321 | 0.464328 |
| C05 Counterfactual edits                | 0.356468 | 0.432097 | 0.331074 | 0.657506 | 1        | 0.445124 | 0.453373 | 0.550961 | 0.375112 | 0.188925 | 0.502341 | 0.469666 | 0.42419  |
| C06 Multi-process memory interference   | 0.417001 | 0.574771 | 0.428488 | 0.493047 | 0.445124 | 1        | 0.59017  | 0.538023 | 0.633158 | 0.30506  | 0.618998 | 0.579913 | 0.523979 |
| C07 Change-log diffing                  | 0.425731 | 0.585737 | 0.412112 | 0.517325 | 0.453373 | 0.59017  | 1        | 0.475804 | 0.693404 | 0.36141  | 0.651406 | 0.612369 | 0.486423 |
| C08 Temporal / concurrency reasoning    | 0.446612 | 0.590576 | 0.343119 | 0.678217 | 0.550961 | 0.538023 | 0.475804 | 1        | 0.480036 | 0.288912 | 0.576456 | 0.599043 | 0.464082 |
| C09 Unknown-should-remain-unknown       | 0.452185 | 0.687115 | 0.516714 | 0.487641 | 0.375112 | 0.633158 | 0.693404 | 0.480036 | 1        | 0.400347 | 0.660512 | 0.686749 | 0.585421 |
| C10 Domain-synonym enforcement          | 0.239691 | 0.279291 | 0.294151 | 0.110464 | 0.188925 | 0.30506  | 0.36141  | 0.288912 | 0.400347 | 1        | 0.292277 | 0.335847 | 0.357488 |
| C11 Performance analytics commentary    | 0.496568 | 0.592012 | 0.445679 | 0.587293 | 0.502341 | 0.618998 | 0.651406 | 0.576456 | 0.660512 | 0.292277 | 1        | 0.690752 | 0.518207 |
| C12 Misinformation injection            | 0.454795 | 0.71592  | 0.51921  | 0.616321 | 0.469666 | 0.579913 | 0.612369 | 0.599043 | 0.686749 | 0.335847 | 0.690752 | 1        | 0.5696   |
| C13 Edge-case / low-support prompts     | 0.411035 | 0.590998 | 0.382803 | 0.464328 | 0.42419  | 0.523979 | 0.486423 | 0.464082 | 0.585421 | 0.357488 | 0.518207 | 0.5696   | 1        |