# Inter-Features Correlation

| Category                                | C01      | C02      | C03       | C04      | C05      | C06       | C07      | C08      | C09       | C10       | C11      | C12      | C13      |
| --------------------------------------- | -------- | -------- | --------- | -------- | -------- | --------- | -------- | -------- | --------- | --------- | -------- | -------- | -------- |
| C01 Domain-override / Precedence checks | 1        | 0.312752 | 0.219526  | 0.285149 | 0.348585 | 0.16044   | 0.445678 | 0.281638 | 0.211134  | 0.13656   | 0.346718 | 0.35371  | 0.198674 |
| C02 Event-log fact-extraction           | 0.312752 | 1        | 0.221661  | 0.438725 | 0.287432 | 0.276299  | 0.454026 | 0.524083 | 0.299895  | 0.071356  | 0.288173 | 0.314871 | 0.201177 |
| C03 Text to Model reconstruction        | 0.219526 | 0.221661 | 1         | 0.315357 | 0.213056 | 0.170212  | 0.293586 | 0.207685 | -0.005711 | 0.080095  | 0.24237  | 0.229441 | 0.135669 |
| C04 Compliance / Conformance reasoning  | 0.285149 | 0.438725 | 0.315357  | 1        | 0.543471 | 0.337296  | 0.472713 | 0.611232 | 0.23833   | 0.128583  | 0.407498 | 0.376154 | 0.353892 |
| C05 Counterfactual edits                | 0.348585 | 0.287432 | 0.213056  | 0.543471 | 1        | 0.209596  | 0.352025 | 0.402061 | 0.204103  | 0.174744  | 0.336255 | 0.375688 | 0.402039 |
| C06 Multi-process memory interference   | 0.16044  | 0.276299 | 0.170212  | 0.337296 | 0.209596 | 1         | 0.260706 | 0.343658 | 0.094146  | -0.051012 | 0.295587 | 0.198216 | 0.150758 |
| C07 Change-log diffing                  | 0.445678 | 0.454026 | 0.293586  | 0.472713 | 0.352025 | 0.260706  | 1        | 0.43787  | 0.305169  | 0.055038  | 0.558543 | 0.479453 | 0.244714 |
| C08 Temporal / concurrency reasoning    | 0.281638 | 0.524083 | 0.207685  | 0.611232 | 0.402061 | 0.343658  | 0.43787  | 1        | 0.267071  | 0.033993  | 0.352691 | 0.445001 | 0.297062 |
| C09 Unknown-should-remain-unknown       | 0.211134 | 0.299895 | -0.005711 | 0.23833  | 0.204103 | 0.094146  | 0.305169 | 0.267071 | 1         | 0.004599  | 0.397115 | 0.364587 | 0.229526 |
| C10 Domain-synonym enforcement          | 0.13656  | 0.071356 | 0.080095  | 0.128583 | 0.174744 | -0.051012 | 0.055038 | 0.033993 | 0.004599  | 1         | 0.049588 | 0.103261 | 0.152692 |
| C11 Performance analytics commentary    | 0.346718 | 0.288173 | 0.24237   | 0.407498 | 0.336255 | 0.295587  | 0.558543 | 0.352691 | 0.397115  | 0.049588  | 1        | 0.50411  | 0.336576 |
| C12 Misinformation injection            | 0.35371  | 0.314871 | 0.229441  | 0.376154 | 0.375688 | 0.198216  | 0.479453 | 0.445001 | 0.364587  | 0.103261  | 0.50411  | 1        | 0.403632 |
| C13 Edge-case / low-support prompts     | 0.198674 | 0.201177 | 0.135669  | 0.353892 | 0.402039 | 0.150758  | 0.244714 | 0.297062 | 0.229526  | 0.152692  | 0.336576 | 0.403632 | 1        |