# Inter-Features Correlation

| Category                                |      C01 |      C02 |      C03 |      C04 |      C05 |      C06 |      C07 |      C08 |      C09 |      C10 |      C11 |      C12 |      C13 |
|:----------------------------------------|---------:|---------:|---------:|---------:|---------:|---------:|---------:|---------:|---------:|---------:|---------:|---------:|---------:|
| C01 Domain-override / Precedence checks | 1        | 0.432853 | 0.419713 | 0.470716 | 0.342901 | 0.322914 | 0.369484 | 0.332222 | 0.327872 | 0.230002 | 0.456765 | 0.426628 | 0.471715 |
| C02 Event-log fact-extraction           | 0.432853 | 1        | 0.465529 | 0.56626  | 0.385346 | 0.477565 | 0.646211 | 0.499976 | 0.490223 | 0.500679 | 0.416301 | 0.572872 | 0.686655 |
| C03 Text to Model reconstruction        | 0.419713 | 0.465529 | 1        | 0.475331 | 0.427466 | 0.377361 | 0.454743 | 0.416204 | 0.435825 | 0.529265 | 0.431028 | 0.436745 | 0.482973 |
| C04 Compliance / Conformance reasoning  | 0.470716 | 0.56626  | 0.475331 | 1        | 0.533511 | 0.407699 | 0.499141 | 0.614899 | 0.407312 | 0.43003  | 0.479648 | 0.630566 | 0.551968 |
| C05 Counterfactual edits                | 0.342901 | 0.385346 | 0.427466 | 0.533511 | 1        | 0.414905 | 0.448566 | 0.515639 | 0.266363 | 0.48211  | 0.479252 | 0.49962  | 0.429167 |
| C06 Multi-process memory interference   | 0.322914 | 0.477565 | 0.377361 | 0.407699 | 0.414905 | 1        | 0.361181 | 0.41533  | 0.350824 | 0.309892 | 0.539051 | 0.492906 | 0.373679 |
| C07 Change-log diffing                  | 0.369484 | 0.646211 | 0.454743 | 0.499141 | 0.448566 | 0.361181 | 1        | 0.514449 | 0.480513 | 0.563886 | 0.509971 | 0.567547 | 0.605373 |
| C08 Temporal / concurrency reasoning    | 0.332222 | 0.499976 | 0.416204 | 0.614899 | 0.515639 | 0.41533  | 0.514449 | 1        | 0.295613 | 0.49502  | 0.43299  | 0.577034 | 0.388789 |
| C09 Unknown-should-remain-unknown       | 0.327872 | 0.490223 | 0.435825 | 0.407312 | 0.266363 | 0.350824 | 0.480513 | 0.295613 | 1        | 0.476865 | 0.363636 | 0.537813 | 0.510196 |
| C10 Domain-synonym enforcement          | 0.230002 | 0.500679 | 0.529265 | 0.43003  | 0.48211  | 0.309892 | 0.563886 | 0.49502  | 0.476865 | 1        | 0.414992 | 0.534232 | 0.48664  |
| C11 Performance analytics commentary    | 0.456765 | 0.416301 | 0.431028 | 0.479648 | 0.479252 | 0.539051 | 0.509971 | 0.43299  | 0.363636 | 0.414992 | 1        | 0.449084 | 0.463083 |
| C12 Misinformation injection            | 0.426628 | 0.572872 | 0.436745 | 0.630566 | 0.49962  | 0.492906 | 0.567547 | 0.577034 | 0.537813 | 0.534232 | 0.449084 | 1        | 0.708989 |
| C13 Edge-case / low-support prompts     | 0.471715 | 0.686655 | 0.482973 | 0.551968 | 0.429167 | 0.373679 | 0.605373 | 0.388789 | 0.510196 | 0.48664  | 0.463083 | 0.708989 | 1        |