# Inter-Features Correlation

| Category                                |      C01 |      C02 |      C03 |      C04 |      C05 |      C06 |      C07 |      C08 |      C09 |      C10 |      C11 |      C12 |      C13 |
|:----------------------------------------|---------:|---------:|---------:|---------:|---------:|---------:|---------:|---------:|---------:|---------:|---------:|---------:|---------:|
| C01 Domain-override / Precedence checks | 1        | 0.577336 | 0.433623 | 0.537943 | 0.466829 | 0.422363 | 0.509176 | 0.484105 | 0.489805 | 0.178657 | 0.595965 | 0.594625 | 0.499264 |
| C02 Event-log fact-extraction           | 0.577336 | 1        | 0.485258 | 0.697129 | 0.483553 | 0.625624 | 0.695522 | 0.618833 | 0.71282  | 0.31332  | 0.711729 | 0.790626 | 0.655508 |
| C03 Text to Model reconstruction        | 0.433623 | 0.485258 | 1        | 0.408595 | 0.416065 | 0.378908 | 0.456551 | 0.401947 | 0.495148 | 0.28346  | 0.470915 | 0.518164 | 0.400111 |
| C04 Compliance / Conformance reasoning  | 0.537943 | 0.697129 | 0.408595 | 1        | 0.625657 | 0.510898 | 0.614152 | 0.750336 | 0.563455 | 0.124655 | 0.664193 | 0.685666 | 0.525471 |
| C05 Counterfactual edits                | 0.466829 | 0.483553 | 0.416065 | 0.625657 | 1        | 0.377143 | 0.509491 | 0.548602 | 0.412431 | 0.152673 | 0.564411 | 0.546261 | 0.454978 |
| C06 Multi-process memory interference   | 0.422363 | 0.625624 | 0.378908 | 0.510898 | 0.377143 | 1        | 0.583075 | 0.508528 | 0.629672 | 0.239218 | 0.611292 | 0.617549 | 0.516303 |
| C07 Change-log diffing                  | 0.509176 | 0.695522 | 0.456551 | 0.614152 | 0.509491 | 0.583075 | 1        | 0.522206 | 0.706093 | 0.337086 | 0.753621 | 0.727594 | 0.563456 |
| C08 Temporal / concurrency reasoning    | 0.484105 | 0.618833 | 0.401947 | 0.750336 | 0.548602 | 0.508528 | 0.522206 | 1        | 0.542966 | 0.211901 | 0.600405 | 0.625625 | 0.475154 |
| C09 Unknown-should-remain-unknown       | 0.489805 | 0.71282  | 0.495148 | 0.563455 | 0.412431 | 0.629672 | 0.706093 | 0.542966 | 1        | 0.332075 | 0.686084 | 0.707478 | 0.605239 |
| C10 Domain-synonym enforcement          | 0.178657 | 0.31332  | 0.28346  | 0.124655 | 0.152673 | 0.239218 | 0.337086 | 0.211901 | 0.332075 | 1        | 0.229067 | 0.267068 | 0.350466 |
| C11 Performance analytics commentary    | 0.595965 | 0.711729 | 0.470915 | 0.664193 | 0.564411 | 0.611292 | 0.753621 | 0.600405 | 0.686084 | 0.229067 | 1        | 0.788013 | 0.564874 |
| C12 Misinformation injection            | 0.594625 | 0.790626 | 0.518164 | 0.685666 | 0.546261 | 0.617549 | 0.727594 | 0.625625 | 0.707478 | 0.267068 | 0.788013 | 1        | 0.637403 |
| C13 Edge-case / low-support prompts     | 0.499264 | 0.655508 | 0.400111 | 0.525471 | 0.454978 | 0.516303 | 0.563456 | 0.475154 | 0.605239 | 0.350466 | 0.564874 | 0.637403 | 1        |