# Inter-Features Correlation

| Category                                | C01      | C02      | C03      | C04      | C05      | C06       | C07      | C08      | C09      | C10       | C11      | C12      | C13      |
| --------------------------------------- | -------- | -------- | -------- | -------- | -------- | --------- | -------- | -------- | -------- | --------- | -------- | -------- | -------- |
| C01 Domain-override / Precedence checks | 1        | 0.336065 | 0.25161  | 0.292601 | 0.323872 | 0.204371  | 0.442578 | 0.265205 | 0.222622 | 0.108886  | 0.351611 | 0.34951  | 0.195179 |
| C02 Event-log fact-extraction           | 0.336065 | 1        | 0.230597 | 0.434987 | 0.304852 | 0.266482  | 0.452925 | 0.525417 | 0.285304 | 0.095597  | 0.268813 | 0.311161 | 0.194291 |
| C03 Text to Model reconstruction        | 0.25161  | 0.230597 | 1        | 0.322106 | 0.235156 | 0.171699  | 0.315612 | 0.22897  | 0.003913 | 0.087169  | 0.279385 | 0.242461 | 0.14251  |
| C04 Compliance / Conformance reasoning  | 0.292601 | 0.434987 | 0.322106 | 1        | 0.561652 | 0.348669  | 0.461202 | 0.608583 | 0.230584 | 0.141348  | 0.394985 | 0.36835  | 0.342567 |
| C05 Counterfactual edits                | 0.323872 | 0.304852 | 0.235156 | 0.561652 | 1        | 0.237798  | 0.356967 | 0.400428 | 0.214104 | 0.154972  | 0.353721 | 0.377098 | 0.410721 |
| C06 Multi-process memory interference   | 0.204371 | 0.266482 | 0.171699 | 0.348669 | 0.237798 | 1         | 0.282986 | 0.364989 | 0.081559 | -0.022837 | 0.309707 | 0.209582 | 0.160235 |
| C07 Change-log diffing                  | 0.442578 | 0.452925 | 0.315612 | 0.461202 | 0.356967 | 0.282986  | 1        | 0.418361 | 0.295512 | 0.060734  | 0.537026 | 0.467891 | 0.224649 |
| C08 Temporal / concurrency reasoning    | 0.265205 | 0.525417 | 0.22897  | 0.608583 | 0.400428 | 0.364989  | 0.418361 | 1        | 0.257145 | 0.034191  | 0.324702 | 0.433756 | 0.283897 |
| C09 Unknown-should-remain-unknown       | 0.222622 | 0.285304 | 0.003913 | 0.230584 | 0.214104 | 0.081559  | 0.295512 | 0.257145 | 1        | 0.024531  | 0.378595 | 0.359419 | 0.222032 |
| C10 Domain-synonym enforcement          | 0.108886 | 0.095597 | 0.087169 | 0.141348 | 0.154972 | -0.022837 | 0.060734 | 0.034191 | 0.024531 | 1         | 0.0761   | 0.106909 | 0.161499 |
| C11 Performance analytics commentary    | 0.351611 | 0.268813 | 0.279385 | 0.394985 | 0.353721 | 0.309707  | 0.537026 | 0.324702 | 0.378595 | 0.0761    | 1        | 0.496647 | 0.319138 |
| C12 Misinformation injection            | 0.34951  | 0.311161 | 0.242461 | 0.36835  | 0.377098 | 0.209582  | 0.467891 | 0.433756 | 0.359419 | 0.106909  | 0.496647 | 1        | 0.394955 |
| C13 Edge-case / low-support prompts     | 0.195179 | 0.194291 | 0.14251  | 0.342567 | 0.410721 | 0.160235  | 0.224649 | 0.283897 | 0.222032 | 0.161499  | 0.319138 | 0.394955 | 1        |