# Inter-Features Correlation

| Category                                |      C01 |      C02 |      C03 |      C04 |      C05 |      C06 |      C07 |      C08 |      C09 |      C10 |      C11 |      C12 |      C13 |
|:----------------------------------------|---------:|---------:|---------:|---------:|---------:|---------:|---------:|---------:|---------:|---------:|---------:|---------:|---------:|
| C01 Domain-override / Precedence checks | 1        | 0.572673 | 0.436952 | 0.525009 | 0.460259 | 0.418967 | 0.498425 | 0.476801 | 0.483813 | 0.221525 | 0.593427 | 0.586656 | 0.516739 |
| C02 Event-log fact-extraction           | 0.572673 | 1        | 0.494226 | 0.6936   | 0.47773  | 0.625902 | 0.690729 | 0.616065 | 0.708016 | 0.35527  | 0.707331 | 0.785684 | 0.660039 |
| C03 Text to Model reconstruction        | 0.436952 | 0.494226 | 1        | 0.416997 | 0.41877  | 0.393544 | 0.465968 | 0.414275 | 0.504642 | 0.339549 | 0.477883 | 0.52266  | 0.422257 |
| C04 Compliance / Conformance reasoning  | 0.525009 | 0.6936   | 0.416997 | 1        | 0.626173 | 0.499779 | 0.604642 | 0.740485 | 0.560976 | 0.159084 | 0.664532 | 0.679199 | 0.525644 |
| C05 Counterfactual edits                | 0.460259 | 0.47773  | 0.41877  | 0.626173 | 1        | 0.386792 | 0.515151 | 0.550172 | 0.410266 | 0.193406 | 0.562444 | 0.534976 | 0.458769 |
| C06 Multi-process memory interference   | 0.418967 | 0.625902 | 0.393544 | 0.499779 | 0.386792 | 1        | 0.573099 | 0.499271 | 0.630468 | 0.258443 | 0.612503 | 0.618251 | 0.514398 |
| C07 Change-log diffing                  | 0.498425 | 0.690729 | 0.465968 | 0.604642 | 0.515151 | 0.573099 | 1        | 0.51208  | 0.704729 | 0.379421 | 0.749714 | 0.722645 | 0.565671 |
| C08 Temporal / concurrency reasoning    | 0.476801 | 0.616065 | 0.414275 | 0.740485 | 0.550172 | 0.499271 | 0.51208  | 1        | 0.541406 | 0.246412 | 0.598551 | 0.61961  | 0.478015 |
| C09 Unknown-should-remain-unknown       | 0.483813 | 0.708016 | 0.504642 | 0.560976 | 0.410266 | 0.630468 | 0.704729 | 0.541406 | 1        | 0.364573 | 0.684255 | 0.703982 | 0.609006 |
| C10 Domain-synonym enforcement          | 0.221525 | 0.35527  | 0.339549 | 0.159084 | 0.193406 | 0.258443 | 0.379421 | 0.246412 | 0.364573 | 1        | 0.277341 | 0.313163 | 0.363781 |
| C11 Performance analytics commentary    | 0.593427 | 0.707331 | 0.477883 | 0.664532 | 0.562444 | 0.612503 | 0.749714 | 0.598551 | 0.684255 | 0.277341 | 1        | 0.784156 | 0.575852 |
| C12 Misinformation injection            | 0.586656 | 0.785684 | 0.52266  | 0.679199 | 0.534976 | 0.618251 | 0.722645 | 0.61961  | 0.703982 | 0.313163 | 0.784156 | 1        | 0.642873 |
| C13 Edge-case / low-support prompts     | 0.516739 | 0.660039 | 0.422257 | 0.525644 | 0.458769 | 0.514398 | 0.565671 | 0.478015 | 0.609006 | 0.363781 | 0.575852 | 0.642873 | 1        |