# Inter-Features Correlation

| Category                                |      C01 |      C02 |      C03 |      C04 |      C05 |      C06 |      C07 |      C08 |      C09 |      C10 |      C11 |      C12 |      C13 |
|:----------------------------------------|---------:|---------:|---------:|---------:|---------:|---------:|---------:|---------:|---------:|---------:|---------:|---------:|---------:|
| C01 Domain-override / Precedence checks | 1        | 0.508269 | 0.380196 | 0.503219 | 0.369349 | 0.390782 | 0.460171 | 0.495375 | 0.471891 | 0.256154 | 0.567267 | 0.504905 | 0.466366 |
| C02 Event-log fact-extraction           | 0.508269 | 1        | 0.472193 | 0.672501 | 0.469237 | 0.542965 | 0.644319 | 0.642986 | 0.717768 | 0.3187   | 0.63966  | 0.74211  | 0.627096 |
| C03 Text to Model reconstruction        | 0.380196 | 0.472193 | 1        | 0.393491 | 0.357174 | 0.376753 | 0.45531  | 0.380956 | 0.497211 | 0.358765 | 0.463947 | 0.509616 | 0.405187 |
| C04 Compliance / Conformance reasoning  | 0.503219 | 0.672501 | 0.393491 | 1        | 0.641118 | 0.485334 | 0.552604 | 0.722135 | 0.540709 | 0.140948 | 0.597316 | 0.646814 | 0.499183 |
| C05 Counterfactual edits                | 0.369349 | 0.469237 | 0.357174 | 0.641118 | 1        | 0.400827 | 0.490535 | 0.53882  | 0.381349 | 0.273179 | 0.505715 | 0.474519 | 0.438188 |
| C06 Multi-process memory interference   | 0.390782 | 0.542965 | 0.376753 | 0.485334 | 0.400827 | 1        | 0.516057 | 0.517188 | 0.590357 | 0.22683  | 0.583231 | 0.572935 | 0.497071 |
| C07 Change-log diffing                  | 0.460171 | 0.644319 | 0.45531  | 0.552604 | 0.490535 | 0.516057 | 1        | 0.514128 | 0.715815 | 0.377791 | 0.679614 | 0.664447 | 0.541334 |
| C08 Temporal / concurrency reasoning    | 0.495375 | 0.642986 | 0.380956 | 0.722135 | 0.53882  | 0.517188 | 0.514128 | 1        | 0.517194 | 0.289163 | 0.580768 | 0.630767 | 0.501982 |
| C09 Unknown-should-remain-unknown       | 0.471891 | 0.717768 | 0.497211 | 0.540709 | 0.381349 | 0.590357 | 0.715815 | 0.517194 | 1        | 0.391865 | 0.67403  | 0.703315 | 0.619366 |
| C10 Domain-synonym enforcement          | 0.256154 | 0.3187   | 0.358765 | 0.140948 | 0.273179 | 0.22683  | 0.377791 | 0.289163 | 0.391865 | 1        | 0.32205  | 0.308494 | 0.347229 |
| C11 Performance analytics commentary    | 0.567267 | 0.63966  | 0.463947 | 0.597316 | 0.505715 | 0.583231 | 0.679614 | 0.580768 | 0.67403  | 0.32205  | 1        | 0.718757 | 0.548506 |
| C12 Misinformation injection            | 0.504905 | 0.74211  | 0.509616 | 0.646814 | 0.474519 | 0.572935 | 0.664447 | 0.630767 | 0.703315 | 0.308494 | 0.718757 | 1        | 0.603449 |
| C13 Edge-case / low-support prompts     | 0.466366 | 0.627096 | 0.405187 | 0.499183 | 0.438188 | 0.497071 | 0.541334 | 0.501982 | 0.619366 | 0.347229 | 0.548506 | 0.603449 | 1        |