# Inter-Features Correlation

| Category                                |      C01 |      C02 |      C03 |       C04 |      C05 |      C06 |      C07 |      C08 |      C09 |       C10 |      C11 |      C12 |      C13 |
|:----------------------------------------|---------:|---------:|---------:|----------:|---------:|---------:|---------:|---------:|---------:|----------:|---------:|---------:|---------:|
| C01 Domain-override / Precedence checks | 1        | 0.358604 | 0.31042  | 0.406869  | 0.302084 | 0.354274 | 0.316566 | 0.439872 | 0.331139 | 0.152684  | 0.424969 | 0.391699 | 0.423648 |
| C02 Event-log fact-extraction           | 0.358604 | 1        | 0.377029 | 0.539874  | 0.333897 | 0.51563  | 0.498966 | 0.489036 | 0.610512 | 0.218234  | 0.495964 | 0.608906 | 0.623011 |
| C03 Text to Model reconstruction        | 0.31042  | 0.377029 | 1        | 0.306355  | 0.304662 | 0.432348 | 0.33962  | 0.3057   | 0.452569 | 0.296407  | 0.369183 | 0.434693 | 0.409868 |
| C04 Compliance / Conformance reasoning  | 0.406869 | 0.539874 | 0.306355 | 1         | 0.587631 | 0.454175 | 0.404656 | 0.662658 | 0.410219 | 0.0423211 | 0.48584  | 0.566939 | 0.444037 |
| C05 Counterfactual edits                | 0.302084 | 0.333897 | 0.304662 | 0.587631  | 1        | 0.414063 | 0.380243 | 0.452663 | 0.353686 | 0.137324  | 0.473486 | 0.432965 | 0.40294  |
| C06 Multi-process memory interference   | 0.354274 | 0.51563  | 0.432348 | 0.454175  | 0.414063 | 1        | 0.565218 | 0.490391 | 0.61637  | 0.379605  | 0.61833  | 0.565755 | 0.560015 |
| C07 Change-log diffing                  | 0.316566 | 0.498966 | 0.33962  | 0.404656  | 0.380243 | 0.565218 | 1        | 0.39636  | 0.571374 | 0.314191  | 0.564237 | 0.492518 | 0.512465 |
| C08 Temporal / concurrency reasoning    | 0.439872 | 0.489036 | 0.3057   | 0.662658  | 0.452663 | 0.490391 | 0.39636  | 1        | 0.431595 | 0.242284  | 0.517918 | 0.603165 | 0.460482 |
| C09 Unknown-should-remain-unknown       | 0.331139 | 0.610512 | 0.452569 | 0.410219  | 0.353686 | 0.61637  | 0.571374 | 0.431595 | 1        | 0.298436  | 0.570226 | 0.621222 | 0.656395 |
| C10 Domain-synonym enforcement          | 0.152684 | 0.218234 | 0.296407 | 0.0423211 | 0.137324 | 0.379605 | 0.314191 | 0.242284 | 0.298436 | 1         | 0.224527 | 0.255097 | 0.400803 |
| C11 Performance analytics commentary    | 0.424969 | 0.495964 | 0.369183 | 0.48584   | 0.473486 | 0.61833  | 0.564237 | 0.517918 | 0.570226 | 0.224527  | 1        | 0.579929 | 0.525521 |
| C12 Misinformation injection            | 0.391699 | 0.608906 | 0.434693 | 0.566939  | 0.432965 | 0.565755 | 0.492518 | 0.603165 | 0.621222 | 0.255097  | 0.579929 | 1        | 0.646026 |
| C13 Edge-case / low-support prompts     | 0.423648 | 0.623011 | 0.409868 | 0.444037  | 0.40294  | 0.560015 | 0.512465 | 0.460482 | 0.656395 | 0.400803  | 0.525521 | 0.646026 | 1        |