# Inter-Features Correlation

| Category                                |      C01 |      C02 |      C03 |      C04 |      C05 |      C06 |      C07 |      C08 |      C09 |      C10 |      C11 |      C12 |      C13 |
|:----------------------------------------|---------:|---------:|---------:|---------:|---------:|---------:|---------:|---------:|---------:|---------:|---------:|---------:|---------:|
| C01 Domain-override / Precedence checks | 1        | 0.569723 | 0.413816 | 0.511753 | 0.417341 | 0.433682 | 0.482888 | 0.469869 | 0.489004 | 0.284352 | 0.579751 | 0.574198 | 0.531015 |
| C02 Event-log fact-extraction           | 0.569723 | 1        | 0.496635 | 0.678288 | 0.465789 | 0.609952 | 0.678082 | 0.603104 | 0.720065 | 0.375061 | 0.695253 | 0.781046 | 0.703798 |
| C03 Text to Model reconstruction        | 0.413816 | 0.496635 | 1        | 0.428596 | 0.406347 | 0.380713 | 0.481287 | 0.401801 | 0.512949 | 0.385737 | 0.489511 | 0.534588 | 0.447233 |
| C04 Compliance / Conformance reasoning  | 0.511753 | 0.678288 | 0.428596 | 1        | 0.616337 | 0.507348 | 0.588887 | 0.737916 | 0.576719 | 0.177222 | 0.654364 | 0.670855 | 0.535627 |
| C05 Counterfactual edits                | 0.417341 | 0.465789 | 0.406347 | 0.616337 | 1        | 0.393235 | 0.518767 | 0.52321  | 0.393105 | 0.258542 | 0.550905 | 0.523177 | 0.465402 |
| C06 Multi-process memory interference   | 0.433682 | 0.609952 | 0.380713 | 0.507348 | 0.393235 | 1        | 0.55394  | 0.497333 | 0.617993 | 0.285611 | 0.604069 | 0.613526 | 0.557302 |
| C07 Change-log diffing                  | 0.482888 | 0.678082 | 0.481287 | 0.588887 | 0.518767 | 0.55394  | 1        | 0.510755 | 0.732629 | 0.434211 | 0.729925 | 0.70325  | 0.61202  |
| C08 Temporal / concurrency reasoning    | 0.469869 | 0.603104 | 0.401801 | 0.737916 | 0.52321  | 0.497333 | 0.510755 | 1        | 0.530604 | 0.275213 | 0.603025 | 0.61398  | 0.477597 |
| C09 Unknown-should-remain-unknown       | 0.489004 | 0.720065 | 0.512949 | 0.576719 | 0.393105 | 0.617993 | 0.732629 | 0.530604 | 1        | 0.417249 | 0.7044   | 0.714431 | 0.625517 |
| C10 Domain-synonym enforcement          | 0.284352 | 0.375061 | 0.385737 | 0.177222 | 0.258542 | 0.285611 | 0.434211 | 0.275213 | 0.417249 | 1        | 0.367062 | 0.36175  | 0.41483  |
| C11 Performance analytics commentary    | 0.579751 | 0.695253 | 0.489511 | 0.654364 | 0.550905 | 0.604069 | 0.729925 | 0.603025 | 0.7044   | 0.367062 | 1        | 0.775066 | 0.636084 |
| C12 Misinformation injection            | 0.574198 | 0.781046 | 0.534588 | 0.670855 | 0.523177 | 0.613526 | 0.70325  | 0.61398  | 0.714431 | 0.36175  | 0.775066 | 1        | 0.681358 |
| C13 Edge-case / low-support prompts     | 0.531015 | 0.703798 | 0.447233 | 0.535627 | 0.465402 | 0.557302 | 0.61202  | 0.477597 | 0.625517 | 0.41483  | 0.636084 | 0.681358 | 1        |