# Inter-Features Correlation

| Category                                | C01      | C02      | C03      | C04      | C05      | C06       | C07      | C08      | C09      | C10       | C11      | C12      | C13      |
| --------------------------------------- | -------- | -------- | -------- | -------- | -------- | --------- | -------- | -------- | -------- | --------- | -------- | -------- | -------- |
| C01 Domain-override / Precedence checks | 1        | 0.356075 | 0.273397 | 0.316902 | 0.334069 | 0.219231  | 0.472739 | 0.294229 | 0.241666 | 0.111363  | 0.376046 | 0.354138 | 0.208683 |
| C02 Event-log fact-extraction           | 0.356075 | 1        | 0.223194 | 0.429211 | 0.302979 | 0.261672  | 0.446873 | 0.520024 | 0.279178 | 0.095368  | 0.26154  | 0.312307 | 0.189529 |
| C03 Text to Model reconstruction        | 0.273397 | 0.223194 | 1        | 0.313645 | 0.232718 | 0.165273  | 0.306133 | 0.217239 | -0.00627 | 0.086936  | 0.270772 | 0.243718 | 0.136519 |
| C04 Compliance / Conformance reasoning  | 0.316902 | 0.429211 | 0.313645 | 1        | 0.561546 | 0.343423  | 0.453078 | 0.60226  | 0.222101 | 0.141507  | 0.387143 | 0.370693 | 0.337911 |
| C05 Counterfactual edits                | 0.334069 | 0.302979 | 0.232718 | 0.561546 | 1        | 0.235899  | 0.355433 | 0.399525 | 0.211715 | 0.154828  | 0.352051 | 0.377307 | 0.409462 |
| C06 Multi-process memory interference   | 0.219231 | 0.261672 | 0.165273 | 0.343423 | 0.235899 | 1         | 0.276589 | 0.359189 | 0.07516  | -0.023403 | 0.304287 | 0.210053 | 0.156149 |
| C07 Change-log diffing                  | 0.472739 | 0.446873 | 0.306133 | 0.453078 | 0.355433 | 0.276589  | 1        | 0.407534 | 0.286958 | 0.060355  | 0.530408 | 0.471673 | 0.218404 |
| C08 Temporal / concurrency reasoning    | 0.294229 | 0.520024 | 0.217239 | 0.60226  | 0.399525 | 0.359189  | 0.407534 | 1        | 0.247286 | 0.033557  | 0.314073 | 0.43802  | 0.27791  |
| C09 Unknown-should-remain-unknown       | 0.241666 | 0.279178 | -0.00627 | 0.222101 | 0.211715 | 0.07516   | 0.286958 | 0.247286 | 1        | 0.023989  | 0.372052 | 0.360926 | 0.217206 |
| C10 Domain-synonym enforcement          | 0.111363 | 0.095368 | 0.086936 | 0.141507 | 0.154828 | -0.023403 | 0.060355 | 0.033557 | 0.023989 | 1         | 0.075809 | 0.106903 | 0.161403 |
| C11 Performance analytics commentary    | 0.376046 | 0.26154  | 0.270772 | 0.387143 | 0.352051 | 0.304287  | 0.530408 | 0.314073 | 0.372052 | 0.075809  | 1        | 0.499578 | 0.314425 |
| C12 Misinformation injection            | 0.354138 | 0.312307 | 0.243718 | 0.370693 | 0.377307 | 0.210053  | 0.471673 | 0.43802  | 0.360926 | 0.106903  | 0.499578 | 1        | 0.395741 |
| C13 Edge-case / low-support prompts     | 0.208683 | 0.189529 | 0.136519 | 0.337911 | 0.409462 | 0.156149  | 0.218404 | 0.27791  | 0.217206 | 0.161403  | 0.314425 | 0.395741 | 1        |