# Inter-Features Correlation

| Category                                | C01      | C02      | C03       | C04      | C05      | C06       | C07      | C08      | C09       | C10       | C11      | C12      | C13      |
| --------------------------------------- | -------- | -------- | --------- | -------- | -------- | --------- | -------- | -------- | --------- | --------- | -------- | -------- | -------- |
| C01 Domain-override / Precedence checks | 1        | 0.340802 | 0.248473  | 0.304264 | 0.350568 | 0.208854  | 0.460798 | 0.272765 | 0.225464  | 0.132872  | 0.359045 | 0.336128 | 0.203178 |
| C02 Event-log fact-extraction           | 0.340802 | 1        | 0.231227  | 0.43107  | 0.305016 | 0.244487  | 0.439579 | 0.515092 | 0.263     | 0.096018  | 0.252575 | 0.291459 | 0.176097 |
| C03 Text to Model reconstruction        | 0.248473 | 0.231227 | 1         | 0.315674 | 0.273697 | 0.169063  | 0.300839 | 0.216541 | -0.011691 | 0.061259  | 0.267574 | 0.291333 | 0.153797 |
| C04 Compliance / Conformance reasoning  | 0.304264 | 0.43107  | 0.315674  | 1        | 0.564272 | 0.347243  | 0.431137 | 0.58122  | 0.205991  | 0.132848  | 0.363528 | 0.35213  | 0.283198 |
| C05 Counterfactual edits                | 0.350568 | 0.305016 | 0.273697  | 0.564272 | 1        | 0.230354  | 0.350076 | 0.381436 | 0.204163  | 0.165981  | 0.35478  | 0.366488 | 0.398677 |
| C06 Multi-process memory interference   | 0.208854 | 0.244487 | 0.169063  | 0.347243 | 0.230354 | 1         | 0.260016 | 0.345797 | 0.052646  | -0.014958 | 0.296802 | 0.199086 | 0.148725 |
| C07 Change-log diffing                  | 0.460798 | 0.439579 | 0.300839  | 0.431137 | 0.350076 | 0.260016  | 1        | 0.359064 | 0.257115  | 0.078423  | 0.495304 | 0.465895 | 0.160861 |
| C08 Temporal / concurrency reasoning    | 0.272765 | 0.515092 | 0.216541  | 0.58122  | 0.381436 | 0.345797  | 0.359064 | 1        | 0.212294  | 0.032418  | 0.263636 | 0.409793 | 0.19862  |
| C09 Unknown-should-remain-unknown       | 0.225464 | 0.263    | -0.011691 | 0.205991 | 0.204163 | 0.052646  | 0.257115 | 0.212294 | 1         | 0.048832  | 0.347927 | 0.348395 | 0.191074 |
| C10 Domain-synonym enforcement          | 0.132872 | 0.096018 | 0.061259  | 0.132848 | 0.165981 | -0.014958 | 0.078423 | 0.032418 | 0.048832  | 1         | 0.110955 | 0.129055 | 0.161355 |
| C11 Performance analytics commentary    | 0.359045 | 0.252575 | 0.267574  | 0.363528 | 0.35478  | 0.296802  | 0.495304 | 0.263636 | 0.347927  | 0.110955  | 1        | 0.503052 | 0.264686 |
| C12 Misinformation injection            | 0.336128 | 0.291459 | 0.291333  | 0.35213  | 0.366488 | 0.199086  | 0.465895 | 0.409793 | 0.348395  | 0.129055  | 0.503052 | 1        | 0.37576  |
| C13 Edge-case / low-support prompts     | 0.203178 | 0.176097 | 0.153797  | 0.283198 | 0.398677 | 0.148725  | 0.160861 | 0.19862  | 0.191074  | 0.161355  | 0.264686 | 0.37576  | 1        |