# Inter-Features Correlation

| Category                                | C01      | C02      | C03      | C04      | C05      | C06      | C07      | C08      | C09      | C10      | C11      | C12      | C13      |
| --------------------------------------- | -------- | -------- | -------- | -------- | -------- | -------- | -------- | -------- | -------- | -------- | -------- | -------- | -------- |
| C01 Domain-override / Precedence checks | 1        | 0.560326 | 0.425906 | 0.524258 | 0.454666 | 0.413614 | 0.483062 | 0.460834 | 0.469545 | 0.166985 | 0.556454 | 0.572679 | 0.476754 |
| C02 Event-log fact-extraction           | 0.560326 | 1        | 0.476961 | 0.688857 | 0.482119 | 0.632386 | 0.68921  | 0.620845 | 0.721823 | 0.28868  | 0.711748 | 0.799906 | 0.674473 |
| C03 Text to Model reconstruction        | 0.425906 | 0.476961 | 1        | 0.416773 | 0.410979 | 0.386624 | 0.444793 | 0.394267 | 0.447448 | 0.234759 | 0.4598   | 0.50465  | 0.406032 |
| C04 Compliance / Conformance reasoning  | 0.524258 | 0.688857 | 0.416773 | 1        | 0.608614 | 0.52405  | 0.61057  | 0.745766 | 0.546584 | 0.09879  | 0.648371 | 0.67584  | 0.527607 |
| C05 Counterfactual edits                | 0.454666 | 0.482119 | 0.410979 | 0.608614 | 1        | 0.372971 | 0.489343 | 0.534283 | 0.398307 | 0.151054 | 0.523105 | 0.532297 | 0.463814 |
| C06 Multi-process memory interference   | 0.413614 | 0.632386 | 0.386624 | 0.52405  | 0.372971 | 1        | 0.587623 | 0.513551 | 0.609701 | 0.208026 | 0.623779 | 0.630383 | 0.528175 |
| C07 Change-log diffing                  | 0.483062 | 0.68921  | 0.444793 | 0.61057  | 0.489343 | 0.587623 | 1        | 0.519595 | 0.668712 | 0.323425 | 0.726941 | 0.70829  | 0.567797 |
| C08 Temporal / concurrency reasoning    | 0.460834 | 0.620845 | 0.394267 | 0.745766 | 0.534283 | 0.513551 | 0.519595 | 1        | 0.535347 | 0.187544 | 0.585956 | 0.619315 | 0.477167 |
| C09 Unknown-should-remain-unknown       | 0.469545 | 0.721823 | 0.447448 | 0.546584 | 0.398307 | 0.609701 | 0.668712 | 0.535347 | 1        | 0.291113 | 0.677511 | 0.710832 | 0.629334 |
| C10 Domain-synonym enforcement          | 0.166985 | 0.28868  | 0.234759 | 0.09879  | 0.151054 | 0.208026 | 0.323425 | 0.187544 | 0.291113 | 1        | 0.213282 | 0.233158 | 0.30081  |
| C11 Performance analytics commentary    | 0.556454 | 0.711748 | 0.4598   | 0.648371 | 0.523105 | 0.623779 | 0.726941 | 0.585956 | 0.677511 | 0.213282 | 1        | 0.784753 | 0.580754 |
| C12 Misinformation injection            | 0.572679 | 0.799906 | 0.50465  | 0.67584  | 0.532297 | 0.630383 | 0.70829  | 0.619315 | 0.710832 | 0.233158 | 0.784753 | 1        | 0.657328 |
| C13 Edge-case / low-support prompts     | 0.476754 | 0.674473 | 0.406032 | 0.527607 | 0.463814 | 0.528175 | 0.567797 | 0.477167 | 0.629334 | 0.30081  | 0.580754 | 0.657328 | 1        |