# Inter-Features Correlation

| Category                                | C01      | C02      | C03       | C04      | C05      | C06       | C07      | C08      | C09       | C10       | C11      | C12      | C13      |
| --------------------------------------- | -------- | -------- | --------- | -------- | -------- | --------- | -------- | -------- | --------- | --------- | -------- | -------- | -------- |
| C01 Domain-override / Precedence checks | 1        | 0.332918 | 0.191454  | 0.314205 | 0.346751 | 0.158682  | 0.449402 | 0.294162 | 0.21219   | 0.115353  | 0.369308 | 0.336575 | 0.209039 |
| C02 Event-log fact-extraction           | 0.332918 | 1        | 0.206002  | 0.449345 | 0.288677 | 0.276067  | 0.458977 | 0.525993 | 0.302343  | 0.06028   | 0.3051   | 0.304903 | 0.207332 |
| C03 Text to Model reconstruction        | 0.191454 | 0.206002 | 1         | 0.282745 | 0.191721 | 0.167738  | 0.278963 | 0.1893   | -0.006404 | 0.094245  | 0.218854 | 0.218164 | 0.121481 |
| C04 Compliance / Conformance reasoning  | 0.314205 | 0.449345 | 0.282745  | 1        | 0.545248 | 0.3311    | 0.477475 | 0.61929  | 0.234597  | 0.097981  | 0.424226 | 0.373194 | 0.365595 |
| C05 Counterfactual edits                | 0.346751 | 0.288677 | 0.191721  | 0.545248 | 1        | 0.211993  | 0.363491 | 0.407081 | 0.203688  | 0.1366    | 0.348897 | 0.387077 | 0.40962  |
| C06 Multi-process memory interference   | 0.158682 | 0.276067 | 0.167738  | 0.3311   | 0.211993 | 1         | 0.263529 | 0.339921 | 0.097288  | -0.053977 | 0.296363 | 0.197124 | 0.150905 |
| C07 Change-log diffing                  | 0.449402 | 0.458977 | 0.278963  | 0.477475 | 0.363491 | 0.263529  | 1        | 0.440575 | 0.308113  | 0.037452  | 0.566338 | 0.477515 | 0.251719 |
| C08 Temporal / concurrency reasoning    | 0.294162 | 0.525993 | 0.1893    | 0.61929  | 0.407081 | 0.339921  | 0.440575 | 1        | 0.262361  | 0.014731  | 0.359629 | 0.446447 | 0.307269 |
| C09 Unknown-should-remain-unknown       | 0.21219  | 0.302343 | -0.006404 | 0.234597 | 0.203688 | 0.097288  | 0.308113 | 0.262361 | 1         | 0.003648  | 0.398567 | 0.356095 | 0.227351 |
| C10 Domain-synonym enforcement          | 0.115353 | 0.06028  | 0.094245  | 0.097981 | 0.1366   | -0.053977 | 0.037452 | 0.014731 | 0.003648  | 1         | 0.027154 | 0.080724 | 0.131867 |
| C11 Performance analytics commentary    | 0.369308 | 0.3051   | 0.218854  | 0.424226 | 0.348897 | 0.296363  | 0.566338 | 0.359629 | 0.398567  | 0.027154  | 1        | 0.492606 | 0.343603 |
| C12 Misinformation injection            | 0.336575 | 0.304903 | 0.218164  | 0.373194 | 0.387077 | 0.197124  | 0.477515 | 0.446447 | 0.356095  | 0.080724  | 0.492606 | 1        | 0.407593 |
| C13 Edge-case / low-support prompts     | 0.209039 | 0.207332 | 0.121481  | 0.365595 | 0.40962  | 0.150905  | 0.251719 | 0.307269 | 0.227351  | 0.131867  | 0.343603 | 0.407593 | 1        |