# Inter-Features Correlation

| Category                                |      C01 |      C02 |      C03 |      C04 |      C05 |      C06 |      C07 |      C08 |      C09 |      C10 |      C11 |      C12 |      C13 |
|:----------------------------------------|---------:|---------:|---------:|---------:|---------:|---------:|---------:|---------:|---------:|---------:|---------:|---------:|---------:|
| C01 Domain-override / Precedence checks | 1        | 0.54414  | 0.493443 | 0.438844 | 0.418594 | 0.367809 | 0.46487  | 0.33812  | 0.364713 | 0.260657 | 0.437047 | 0.421618 | 0.491804 |
| C02 Event-log fact-extraction           | 0.54414  | 1        | 0.430799 | 0.559201 | 0.370666 | 0.438858 | 0.55829  | 0.468729 | 0.294587 | 0.405409 | 0.313559 | 0.575575 | 0.697261 |
| C03 Text to Model reconstruction        | 0.493443 | 0.430799 | 1        | 0.497264 | 0.552755 | 0.364939 | 0.460364 | 0.469513 | 0.381184 | 0.519078 | 0.475785 | 0.475446 | 0.525206 |
| C04 Compliance / Conformance reasoning  | 0.438844 | 0.559201 | 0.497264 | 1        | 0.560243 | 0.289503 | 0.526354 | 0.602994 | 0.409356 | 0.405051 | 0.423622 | 0.622223 | 0.576689 |
| C05 Counterfactual edits                | 0.418594 | 0.370666 | 0.552755 | 0.560243 | 1        | 0.341723 | 0.483212 | 0.564819 | 0.277696 | 0.525252 | 0.420185 | 0.452049 | 0.394824 |
| C06 Multi-process memory interference   | 0.367809 | 0.438858 | 0.364939 | 0.289503 | 0.341723 | 1        | 0.283199 | 0.308357 | 0.291648 | 0.264856 | 0.50504  | 0.406659 | 0.31239  |
| C07 Change-log diffing                  | 0.46487  | 0.55829  | 0.460364 | 0.526354 | 0.483212 | 0.283199 | 1        | 0.589899 | 0.267001 | 0.460401 | 0.480467 | 0.541019 | 0.561637 |
| C08 Temporal / concurrency reasoning    | 0.33812  | 0.468729 | 0.469513 | 0.602994 | 0.564819 | 0.308357 | 0.589899 | 1        | 0.348198 | 0.506857 | 0.360116 | 0.585666 | 0.418331 |
| C09 Unknown-should-remain-unknown       | 0.364713 | 0.294587 | 0.381184 | 0.409356 | 0.277696 | 0.291648 | 0.267001 | 0.348198 | 1        | 0.396069 | 0.309471 | 0.597033 | 0.471333 |
| C10 Domain-synonym enforcement          | 0.260657 | 0.405409 | 0.519078 | 0.405051 | 0.525252 | 0.264856 | 0.460401 | 0.506857 | 0.396069 | 1        | 0.352115 | 0.482525 | 0.459261 |
| C11 Performance analytics commentary    | 0.437047 | 0.313559 | 0.475785 | 0.423622 | 0.420185 | 0.50504  | 0.480467 | 0.360116 | 0.309471 | 0.352115 | 1        | 0.371632 | 0.328474 |
| C12 Misinformation injection            | 0.421618 | 0.575575 | 0.475446 | 0.622223 | 0.452049 | 0.406659 | 0.541019 | 0.585666 | 0.597033 | 0.482525 | 0.371632 | 1        | 0.704143 |
| C13 Edge-case / low-support prompts     | 0.491804 | 0.697261 | 0.525206 | 0.576689 | 0.394824 | 0.31239  | 0.561637 | 0.418331 | 0.471333 | 0.459261 | 0.328474 | 0.704143 | 1        |