# Inter-Features Correlation

| Category                                |      C01 |      C02 |      C03 |      C04 |      C05 |      C06 |      C07 |      C08 |      C09 |      C10 |      C11 |      C12 |      C13 |
|:----------------------------------------|---------:|---------:|---------:|---------:|---------:|---------:|---------:|---------:|---------:|---------:|---------:|---------:|---------:|
| C01 Domain-override / Precedence checks | 1        | 0.596293 | 0.515465 | 0.478061 | 0.444043 | 0.43512  | 0.463758 | 0.38639  | 0.342639 | 0.290018 | 0.415159 | 0.448461 | 0.561071 |
| C02 Event-log fact-extraction           | 0.596293 | 1        | 0.445443 | 0.580494 | 0.35874  | 0.475926 | 0.567324 | 0.513518 | 0.2483   | 0.412439 | 0.298155 | 0.553947 | 0.682332 |
| C03 Text to Model reconstruction        | 0.515465 | 0.445443 | 1        | 0.4994   | 0.490071 | 0.34136  | 0.45533  | 0.463913 | 0.395653 | 0.492379 | 0.444102 | 0.506534 | 0.559585 |
| C04 Compliance / Conformance reasoning  | 0.478061 | 0.580494 | 0.4994   | 1        | 0.475563 | 0.317818 | 0.535202 | 0.63927  | 0.367921 | 0.370805 | 0.37426  | 0.619746 | 0.603565 |
| C05 Counterfactual edits                | 0.444043 | 0.35874  | 0.490071 | 0.475563 | 1        | 0.341819 | 0.499472 | 0.516884 | 0.277956 | 0.384492 | 0.361742 | 0.465348 | 0.425836 |
| C06 Multi-process memory interference   | 0.43512  | 0.475926 | 0.34136  | 0.317818 | 0.341819 | 1        | 0.4209   | 0.287456 | 0.392324 | 0.246078 | 0.577155 | 0.373467 | 0.400173 |
| C07 Change-log diffing                  | 0.463758 | 0.567324 | 0.45533  | 0.535202 | 0.499472 | 0.4209   | 1        | 0.617001 | 0.275522 | 0.475593 | 0.451076 | 0.560787 | 0.609305 |
| C08 Temporal / concurrency reasoning    | 0.38639  | 0.513518 | 0.463913 | 0.63927  | 0.516884 | 0.287456 | 0.617001 | 1        | 0.377169 | 0.509383 | 0.282534 | 0.628274 | 0.525927 |
| C09 Unknown-should-remain-unknown       | 0.342639 | 0.2483   | 0.395653 | 0.367921 | 0.277956 | 0.392324 | 0.275522 | 0.377169 | 1        | 0.389801 | 0.335787 | 0.623694 | 0.487054 |
| C10 Domain-synonym enforcement          | 0.290018 | 0.412439 | 0.492379 | 0.370805 | 0.384492 | 0.246078 | 0.475593 | 0.509383 | 0.389801 | 1        | 0.339922 | 0.540458 | 0.485007 |
| C11 Performance analytics commentary    | 0.415159 | 0.298155 | 0.444102 | 0.37426  | 0.361742 | 0.577155 | 0.451076 | 0.282534 | 0.335787 | 0.339922 | 1        | 0.403384 | 0.354417 |
| C12 Misinformation injection            | 0.448461 | 0.553947 | 0.506534 | 0.619746 | 0.465348 | 0.373467 | 0.560787 | 0.628274 | 0.623694 | 0.540458 | 0.403384 | 1        | 0.720631 |
| C13 Edge-case / low-support prompts     | 0.561071 | 0.682332 | 0.559585 | 0.603565 | 0.425836 | 0.400173 | 0.609305 | 0.525927 | 0.487054 | 0.485007 | 0.354417 | 0.720631 | 1        |