# Inter-Features Correlation

| Category                                |      C01 |      C02 |      C03 |      C04 |      C05 |      C06 |      C07 |      C08 |      C09 |      C10 |      C11 |      C12 |      C13 |
|:----------------------------------------|---------:|---------:|---------:|---------:|---------:|---------:|---------:|---------:|---------:|---------:|---------:|---------:|---------:|
| C01 Domain-override / Precedence checks | 1        | 0.499382 | 0.400677 | 0.489164 | 0.347604 | 0.380352 | 0.448898 | 0.503005 | 0.467986 | 0.27627  | 0.552359 | 0.492492 | 0.45532  |
| C02 Event-log fact-extraction           | 0.499382 | 1        | 0.488518 | 0.668549 | 0.458432 | 0.536205 | 0.638672 | 0.64673  | 0.715905 | 0.328071 | 0.634964 | 0.737389 | 0.62101  |
| C03 Text to Model reconstruction        | 0.400677 | 0.488518 | 1        | 0.426505 | 0.403932 | 0.391437 | 0.470081 | 0.395473 | 0.50897  | 0.369369 | 0.48595  | 0.532412 | 0.419714 |
| C04 Compliance / Conformance reasoning  | 0.489164 | 0.668549 | 0.426505 | 1        | 0.621772 | 0.472514 | 0.542889 | 0.725388 | 0.538127 | 0.147775 | 0.587725 | 0.634941 | 0.486521 |
| C05 Counterfactual edits                | 0.347604 | 0.458432 | 0.403932 | 0.621772 | 1        | 0.388173 | 0.482124 | 0.53678  | 0.377519 | 0.285199 | 0.493243 | 0.455583 | 0.426101 |
| C06 Multi-process memory interference   | 0.380352 | 0.536205 | 0.391437 | 0.472514 | 0.388173 | 1        | 0.508542 | 0.516845 | 0.586218 | 0.23298  | 0.578815 | 0.564705 | 0.488937 |
| C07 Change-log diffing                  | 0.448898 | 0.638672 | 0.470081 | 0.542889 | 0.482124 | 0.508542 | 1        | 0.514202 | 0.714122 | 0.391466 | 0.674026 | 0.657678 | 0.532995 |
| C08 Temporal / concurrency reasoning    | 0.503005 | 0.64673  | 0.395473 | 0.725388 | 0.53678  | 0.516845 | 0.514202 | 1        | 0.520579 | 0.284308 | 0.591717 | 0.632116 | 0.501029 |
| C09 Unknown-should-remain-unknown       | 0.467986 | 0.715905 | 0.50897  | 0.538127 | 0.377519 | 0.586218 | 0.714122 | 0.520579 | 1        | 0.398949 | 0.676675 | 0.701848 | 0.616249 |
| C10 Domain-synonym enforcement          | 0.27627  | 0.328071 | 0.369369 | 0.147775 | 0.285199 | 0.23298  | 0.391466 | 0.284308 | 0.398949 | 1        | 0.349982 | 0.319918 | 0.35953  |
| C11 Performance analytics commentary    | 0.552359 | 0.634964 | 0.48595  | 0.587725 | 0.493243 | 0.578815 | 0.674026 | 0.591717 | 0.676675 | 0.349982 | 1        | 0.713632 | 0.539289 |
| C12 Misinformation injection            | 0.492492 | 0.737389 | 0.532412 | 0.634941 | 0.455583 | 0.564705 | 0.657678 | 0.632116 | 0.701848 | 0.319918 | 0.713632 | 1        | 0.594997 |
| C13 Edge-case / low-support prompts     | 0.45532  | 0.62101  | 0.419714 | 0.486521 | 0.426101 | 0.488937 | 0.532995 | 0.501029 | 0.616249 | 0.35953  | 0.539289 | 0.594997 | 1        |