# Inter-Features Correlation

| Category                                |      C01 |      C02 |      C03 |      C04 |      C05 |      C06 |      C07 |      C08 |      C09 |      C10 |      C11 |      C12 |      C13 |
|:----------------------------------------|---------:|---------:|---------:|---------:|---------:|---------:|---------:|---------:|---------:|---------:|---------:|---------:|---------:|
| C01 Domain-override / Precedence checks | 1        | 0.507757 | 0.389719 | 0.46514  | 0.399153 | 0.375667 | 0.446259 | 0.460327 | 0.448145 | 0.228221 | 0.54719  | 0.526043 | 0.468874 |
| C02 Event-log fact-extraction           | 0.507757 | 1        | 0.471027 | 0.642793 | 0.450368 | 0.55182  | 0.637691 | 0.617897 | 0.708279 | 0.312831 | 0.637229 | 0.736098 | 0.614427 |
| C03 Text to Model reconstruction        | 0.389719 | 0.471027 | 1        | 0.395452 | 0.376698 | 0.368773 | 0.445033 | 0.384473 | 0.492028 | 0.358686 | 0.45192  | 0.504303 | 0.41282  |
| C04 Compliance / Conformance reasoning  | 0.46514  | 0.642793 | 0.395452 | 1        | 0.606979 | 0.473441 | 0.557649 | 0.734703 | 0.540145 | 0.131933 | 0.62021  | 0.632671 | 0.495444 |
| C05 Counterfactual edits                | 0.399153 | 0.450368 | 0.376698 | 0.606979 | 1        | 0.395348 | 0.473736 | 0.527217 | 0.366589 | 0.231435 | 0.507401 | 0.488769 | 0.441944 |
| C06 Multi-process memory interference   | 0.375667 | 0.55182  | 0.368773 | 0.473441 | 0.395348 | 1        | 0.52567  | 0.492405 | 0.591768 | 0.241412 | 0.573781 | 0.574141 | 0.495272 |
| C07 Change-log diffing                  | 0.446259 | 0.637691 | 0.445033 | 0.557649 | 0.473736 | 0.52567  | 1        | 0.514692 | 0.72479  | 0.390569 | 0.680544 | 0.656151 | 0.538732 |
| C08 Temporal / concurrency reasoning    | 0.460327 | 0.617897 | 0.384473 | 0.734703 | 0.527217 | 0.492405 | 0.514692 | 1        | 0.512952 | 0.280236 | 0.605624 | 0.61718  | 0.509692 |
| C09 Unknown-should-remain-unknown       | 0.448145 | 0.708279 | 0.492028 | 0.540145 | 0.366589 | 0.591768 | 0.72479  | 0.512952 | 1        | 0.400629 | 0.686674 | 0.690785 | 0.616501 |
| C10 Domain-synonym enforcement          | 0.228221 | 0.312831 | 0.358686 | 0.131933 | 0.231435 | 0.241412 | 0.390569 | 0.280236 | 0.400629 | 1        | 0.316758 | 0.307277 | 0.320847 |
| C11 Performance analytics commentary    | 0.54719  | 0.637229 | 0.45192  | 0.62021  | 0.507401 | 0.573781 | 0.680544 | 0.605624 | 0.686674 | 0.316758 | 1        | 0.732625 | 0.561829 |
| C12 Misinformation injection            | 0.526043 | 0.736098 | 0.504303 | 0.632671 | 0.488769 | 0.574141 | 0.656151 | 0.61718  | 0.690785 | 0.307277 | 0.732625 | 1        | 0.614959 |
| C13 Edge-case / low-support prompts     | 0.468874 | 0.614427 | 0.41282  | 0.495444 | 0.441944 | 0.495272 | 0.538732 | 0.509692 | 0.616501 | 0.320847 | 0.561829 | 0.614959 | 1        |