# Inter-Features Correlation

| Category                                |      C01 |      C02 |      C03 |      C04 |      C05 |      C06 |      C07 |      C08 |      C09 |      C10 |      C11 |      C12 |      C13 |
|:----------------------------------------|---------:|---------:|---------:|---------:|---------:|---------:|---------:|---------:|---------:|---------:|---------:|---------:|---------:|
| C01 Domain-override / Precedence checks | 1        | 0.55461  | 0.420777 | 0.496577 | 0.43489  | 0.412749 | 0.476877 | 0.451988 | 0.467274 | 0.244865 | 0.569433 | 0.56637  | 0.524707 |
| C02 Event-log fact-extraction           | 0.55461  | 1        | 0.48324  | 0.679792 | 0.466159 | 0.608508 | 0.675628 | 0.597662 | 0.696487 | 0.352782 | 0.689434 | 0.777519 | 0.688385 |
| C03 Text to Model reconstruction        | 0.420777 | 0.48324  | 1        | 0.414615 | 0.429086 | 0.369846 | 0.454899 | 0.405968 | 0.492618 | 0.361537 | 0.464068 | 0.515822 | 0.435038 |
| C04 Compliance / Conformance reasoning  | 0.496577 | 0.679792 | 0.414615 | 1        | 0.616243 | 0.501778 | 0.590907 | 0.729854 | 0.554603 | 0.144403 | 0.660511 | 0.669038 | 0.523555 |
| C05 Counterfactual edits                | 0.43489  | 0.466159 | 0.429086 | 0.616243 | 1        | 0.391318 | 0.506764 | 0.537962 | 0.401617 | 0.209031 | 0.558329 | 0.522259 | 0.463423 |
| C06 Multi-process memory interference   | 0.412749 | 0.608508 | 0.369846 | 0.501778 | 0.391318 | 1        | 0.552475 | 0.497588 | 0.616116 | 0.266505 | 0.594219 | 0.610715 | 0.555386 |
| C07 Change-log diffing                  | 0.476877 | 0.675628 | 0.454899 | 0.590907 | 0.506764 | 0.552475 | 1        | 0.497238 | 0.692163 | 0.3935   | 0.735625 | 0.708278 | 0.590298 |
| C08 Temporal / concurrency reasoning    | 0.451988 | 0.597662 | 0.405968 | 0.729854 | 0.537962 | 0.497588 | 0.497238 | 1        | 0.529468 | 0.242684 | 0.591207 | 0.606762 | 0.47635  |
| C09 Unknown-should-remain-unknown       | 0.467274 | 0.696487 | 0.492618 | 0.554603 | 0.401617 | 0.616116 | 0.692163 | 0.529468 | 1        | 0.375601 | 0.66829  | 0.691568 | 0.635634 |
| C10 Domain-synonym enforcement          | 0.244865 | 0.352782 | 0.361537 | 0.144403 | 0.209031 | 0.266505 | 0.3935   | 0.242684 | 0.375601 | 1        | 0.295256 | 0.323159 | 0.38205  |
| C11 Performance analytics commentary    | 0.569433 | 0.689434 | 0.464068 | 0.660511 | 0.558329 | 0.594219 | 0.735625 | 0.591207 | 0.66829  | 0.295256 | 1        | 0.77332  | 0.613115 |
| C12 Misinformation injection            | 0.56637  | 0.777519 | 0.515822 | 0.669038 | 0.522259 | 0.610715 | 0.708278 | 0.606762 | 0.691568 | 0.323159 | 0.77332  | 1        | 0.665546 |
| C13 Edge-case / low-support prompts     | 0.524707 | 0.688385 | 0.435038 | 0.523555 | 0.463423 | 0.555386 | 0.590298 | 0.47635  | 0.635634 | 0.38205  | 0.613115 | 0.665546 | 1        |