# Inter-Features Correlation

| Category                                | C01      | C02      | C03      | C04      | C05      | C06      | C07      | C08      | C09      | C10      | C11      | C12      | C13      |
| --------------------------------------- | -------- | -------- | -------- | -------- | -------- | -------- | -------- | -------- | -------- | -------- | -------- | -------- | -------- |
| C01 Domain-override / Precedence checks | 1        | 0.56115  | 0.429309 | 0.526511 | 0.456676 | 0.414755 | 0.477668 | 0.463819 | 0.471001 | 0.167651 | 0.558939 | 0.573586 | 0.47277  |
| C02 Event-log fact-extraction           | 0.56115  | 1        | 0.477986 | 0.689256 | 0.483093 | 0.632852 | 0.685737 | 0.621291 | 0.722255 | 0.289032 | 0.71171  | 0.800192 | 0.672096 |
| C03 Text to Model reconstruction        | 0.429309 | 0.477986 | 1        | 0.420551 | 0.413771 | 0.387939 | 0.437153 | 0.399081 | 0.449206 | 0.235189 | 0.464274 | 0.505734 | 0.400368 |
| C04 Compliance / Conformance reasoning  | 0.526511 | 0.689256 | 0.420551 | 1        | 0.61011  | 0.524873 | 0.604234 | 0.747244 | 0.547826 | 0.09966  | 0.650506 | 0.676403 | 0.523105 |
| C05 Counterfactual edits                | 0.456676 | 0.483093 | 0.413771 | 0.61011  | 1        | 0.374103 | 0.484805 | 0.536285 | 0.399782 | 0.151688 | 0.525202 | 0.533255 | 0.460568 |
| C06 Multi-process memory interference   | 0.414755 | 0.632852 | 0.387939 | 0.524873 | 0.374103 | 1        | 0.584521 | 0.514325 | 0.610274 | 0.208425 | 0.624013 | 0.63088  | 0.526123 |
| C07 Change-log diffing                  | 0.477668 | 0.685737 | 0.437153 | 0.604234 | 0.484805 | 0.584521 | 1        | 0.512276 | 0.664647 | 0.322044 | 0.718146 | 0.704559 | 0.568635 |
| C08 Temporal / concurrency reasoning    | 0.463819 | 0.621291 | 0.399081 | 0.747244 | 0.536285 | 0.514325 | 0.512276 | 1        | 0.536662 | 0.188192 | 0.589109 | 0.619933 | 0.47175  |
| C09 Unknown-should-remain-unknown       | 0.471001 | 0.722255 | 0.449206 | 0.547826 | 0.399782 | 0.610274 | 0.664647 | 0.536662 | 1        | 0.291495 | 0.678114 | 0.711329 | 0.626519 |
| C10 Domain-synonym enforcement          | 0.167651 | 0.289032 | 0.235189 | 0.09966  | 0.151688 | 0.208425 | 0.322044 | 0.188192 | 0.291495 | 1        | 0.213822 | 0.233573 | 0.299933 |
| C11 Performance analytics commentary    | 0.558939 | 0.71171  | 0.464274 | 0.650506 | 0.525202 | 0.624013 | 0.718146 | 0.589109 | 0.678114 | 0.213822 | 1        | 0.784535 | 0.57457  |
| C12 Misinformation injection            | 0.573586 | 0.800192 | 0.505734 | 0.676403 | 0.533255 | 0.63088  | 0.704559 | 0.619933 | 0.711329 | 0.233573 | 0.784535 | 1        | 0.654805 |
| C13 Edge-case / low-support prompts     | 0.47277  | 0.672096 | 0.400368 | 0.523105 | 0.460568 | 0.526123 | 0.568635 | 0.47175  | 0.626519 | 0.299933 | 0.57457  | 0.654805 | 1        |