# Inter-Features Correlation

| Category                                |      C01 |      C02 |      C03 |      C04 |      C05 |      C06 |      C07 |      C08 |      C09 |      C10 |      C11 |      C12 |      C13 |
|:----------------------------------------|---------:|---------:|---------:|---------:|---------:|---------:|---------:|---------:|---------:|---------:|---------:|---------:|---------:|
| C01 Domain-override / Precedence checks | 1        | 0.435072 | 0.44276  | 0.475165 | 0.408411 | 0.380101 | 0.375942 | 0.327342 | 0.330561 | 0.222232 | 0.467122 | 0.453431 | 0.516706 |
| C02 Event-log fact-extraction           | 0.435072 | 1        | 0.456298 | 0.586854 | 0.400384 | 0.515581 | 0.644743 | 0.507363 | 0.492308 | 0.506808 | 0.414142 | 0.593037 | 0.700825 |
| C03 Text to Model reconstruction        | 0.44276  | 0.456298 | 1        | 0.507977 | 0.446394 | 0.431683 | 0.43471  | 0.435453 | 0.429684 | 0.534107 | 0.442863 | 0.472056 | 0.501225 |
| C04 Compliance / Conformance reasoning  | 0.475165 | 0.586854 | 0.507977 | 1        | 0.564038 | 0.409894 | 0.525637 | 0.603181 | 0.408787 | 0.450047 | 0.495744 | 0.650592 | 0.609674 |
| C05 Counterfactual edits                | 0.408411 | 0.400384 | 0.446394 | 0.564038 | 1        | 0.405563 | 0.46841  | 0.538697 | 0.276492 | 0.520427 | 0.491525 | 0.506413 | 0.432447 |
| C06 Multi-process memory interference   | 0.380101 | 0.515581 | 0.431683 | 0.409894 | 0.405563 | 1        | 0.39521  | 0.429308 | 0.370118 | 0.350204 | 0.564173 | 0.484252 | 0.393752 |
| C07 Change-log diffing                  | 0.375942 | 0.644743 | 0.43471  | 0.525637 | 0.46841  | 0.39521  | 1        | 0.533635 | 0.472755 | 0.567874 | 0.520599 | 0.586089 | 0.619474 |
| C08 Temporal / concurrency reasoning    | 0.327342 | 0.507363 | 0.435453 | 0.603181 | 0.538697 | 0.429308 | 0.533635 | 1        | 0.296013 | 0.516506 | 0.438197 | 0.594799 | 0.421292 |
| C09 Unknown-should-remain-unknown       | 0.330561 | 0.492308 | 0.429684 | 0.408787 | 0.276492 | 0.370118 | 0.472755 | 0.296013 | 1        | 0.476899 | 0.373552 | 0.547839 | 0.527979 |
| C10 Domain-synonym enforcement          | 0.222232 | 0.506808 | 0.534107 | 0.450047 | 0.520427 | 0.350204 | 0.567874 | 0.516506 | 0.476899 | 1        | 0.426467 | 0.557409 | 0.507088 |
| C11 Performance analytics commentary    | 0.467122 | 0.414142 | 0.442863 | 0.495744 | 0.491525 | 0.564173 | 0.520599 | 0.438197 | 0.373552 | 0.426467 | 1        | 0.459458 | 0.469916 |
| C12 Misinformation injection            | 0.453431 | 0.593037 | 0.472056 | 0.650592 | 0.506413 | 0.484252 | 0.586089 | 0.594799 | 0.547839 | 0.557409 | 0.459458 | 1        | 0.722326 |
| C13 Edge-case / low-support prompts     | 0.516706 | 0.700825 | 0.501225 | 0.609674 | 0.432447 | 0.393752 | 0.619474 | 0.421292 | 0.527979 | 0.507088 | 0.469916 | 0.722326 | 1        |