# Inter-Features Correlation

| Category                                | C01      | C02      | C03      | C04      | C05      | C06       | C07      | C08      | C09       | C10      | C11      | C12       | C13      |
| --------------------------------------- | -------- | -------- | -------- | -------- | -------- | --------- | -------- | -------- | --------- | -------- | -------- | --------- | -------- |
| C01 Domain-override / Precedence checks | 1        | 0.218219 | 0.337272 | 0.270983 | 0.287176 | 0.125654  | 0.392753 | 0.117252 | 0.142493  | 0.125819 | 0.284166 | 0.191341  | 0.199213 |
| C02 Event-log fact-extraction           | 0.218219 | 1        | 0.342031 | 0.57656  | 0.336293 | 0.207399  | 0.396998 | 0.598676 | 0.553929  | 0.139888 | 0.161146 | 0.217125  | 0.203881 |
| C03 Text to Model reconstruction        | 0.337272 | 0.342031 | 1        | 0.184666 | 0.188429 | 0.235662  | 0.151455 | 0.242297 | 0.169722  | 0.265047 | 0.221798 | 0.093268  | 0.125187 |
| C04 Compliance / Conformance reasoning  | 0.270983 | 0.57656  | 0.184666 | 1        | 0.494012 | 0.308105  | 0.421691 | 0.644358 | 0.242891  | 0.178253 | 0.288794 | 0.241772  | 0.052532 |
| C05 Counterfactual edits                | 0.287176 | 0.336293 | 0.188429 | 0.494012 | 1        | 0.114264  | 0.252689 | 0.349467 | 0.153462  | 0.1864   | 0.102144 | 0.260576  | 0.288831 |
| C06 Multi-process memory interference   | 0.125654 | 0.207399 | 0.235662 | 0.308105 | 0.114264 | 1         | 0.200909 | 0.239197 | -0.052352 | 0.085247 | 0.05941  | -0.058287 | 0.021889 |
| C07 Change-log diffing                  | 0.392753 | 0.396998 | 0.151455 | 0.421691 | 0.252689 | 0.200909  | 1        | 0.311462 | 0.299607  | 0.229625 | 0.320407 | 0.174391  | 0.079244 |
| C08 Temporal / concurrency reasoning    | 0.117252 | 0.598676 | 0.242297 | 0.644358 | 0.349467 | 0.239197  | 0.311462 | 1        | 0.206121  | 0.101387 | 0.103556 | 0.176696  | 0.05575  |
| C09 Unknown-should-remain-unknown       | 0.142493 | 0.553929 | 0.169722 | 0.242891 | 0.153462 | -0.052352 | 0.299607 | 0.206121 | 1         | 0.063526 | 0.086945 | 0.496374  | 0.172014 |
| C10 Domain-synonym enforcement          | 0.125819 | 0.139888 | 0.265047 | 0.178253 | 0.1864   | 0.085247  | 0.229625 | 0.101387 | 0.063526  | 1        | 0.031813 | 0.144522  | 0.016967 |
| C11 Performance analytics commentary    | 0.284166 | 0.161146 | 0.221798 | 0.288794 | 0.102144 | 0.05941   | 0.320407 | 0.103556 | 0.086945  | 0.031813 | 1        | 0.202324  | 0.040767 |
| C12 Misinformation injection            | 0.191341 | 0.217125 | 0.093268 | 0.241772 | 0.260576 | -0.058287 | 0.174391 | 0.176696 | 0.496374  | 0.144522 | 0.202324 | 1         | 0.220218 |
| C13 Edge-case / low-support prompts     | 0.199213 | 0.203881 | 0.125187 | 0.052532 | 0.288831 | 0.021889  | 0.079244 | 0.05575  | 0.172014  | 0.016967 | 0.040767 | 0.220218  | 1        |