# Inter-Features Correlation

| Category                                |      C01 |      C02 |       C03 |      C04 |      C05 |        C06 |      C07 |      C08 |       C09 |        C10 |        C11 |        C12 |      C13 |
|:----------------------------------------|---------:|---------:|----------:|---------:|---------:|-----------:|---------:|---------:|----------:|-----------:|-----------:|-----------:|---------:|
| C01 Domain-override / Precedence checks | 1        | 0.801625 | 0.563267  | 0.624404 | 0.452882 |  0.266178  | 0.537619 | 0.439248 | 0.343411  |  0.202345  |  0.412601  |  0.520135  | 0.718305 |
| C02 Event-log fact-extraction           | 0.801625 | 1        | 0.475474  | 0.607594 | 0.297354 |  0.270052  | 0.570356 | 0.512696 | 0.153381  |  0.300188  |  0.420187  |  0.466048  | 0.702786 |
| C03 Text to Model reconstruction        | 0.563267 | 0.475474 | 1         | 0.559351 | 0.654222 |  0.0267858 | 0.490292 | 0.468747 | 0.334661  |  0.468745  |  0.330826  |  0.422483  | 0.614845 |
| C04 Compliance / Conformance reasoning  | 0.624404 | 0.607594 | 0.559351  | 1        | 0.484763 |  0.127195  | 0.624964 | 0.581914 | 0.183916  |  0.349902  |  0.434701  |  0.615366  | 0.675714 |
| C05 Counterfactual edits                | 0.452882 | 0.297354 | 0.654222  | 0.484763 | 1        |  0.118252  | 0.539073 | 0.462232 | 0.205339  |  0.28434   |  0.409285  |  0.345305  | 0.508889 |
| C06 Multi-process memory interference   | 0.266178 | 0.270052 | 0.0267858 | 0.127195 | 0.118252 |  1         | 0.44453  | 0.161492 | 0.0457389 | -0.199588  |  0.574286  | -0.0201928 | 0.102096 |
| C07 Change-log diffing                  | 0.537619 | 0.570356 | 0.490292  | 0.624964 | 0.539073 |  0.44453   | 1        | 0.574888 | 0.215283  |  0.26095   |  0.524297  |  0.412815  | 0.626798 |
| C08 Temporal / concurrency reasoning    | 0.439248 | 0.512696 | 0.468747  | 0.581914 | 0.462232 |  0.161492  | 0.574888 | 1        | 0.262548  |  0.4417    |  0.267556  |  0.502648  | 0.5128   |
| C09 Unknown-should-remain-unknown       | 0.343411 | 0.153381 | 0.334661  | 0.183916 | 0.205339 |  0.0457389 | 0.215283 | 0.262548 | 1         |  0.0207476 |  0.0996342 |  0.27624   | 0.286277 |
| C10 Domain-synonym enforcement          | 0.202345 | 0.300188 | 0.468745  | 0.349902 | 0.28434  | -0.199588  | 0.26095  | 0.4417   | 0.0207476 |  1         | -0.0089828 |  0.295607  | 0.352372 |
| C11 Performance analytics commentary    | 0.412601 | 0.420187 | 0.330826  | 0.434701 | 0.409285 |  0.574286  | 0.524297 | 0.267556 | 0.0996342 | -0.0089828 |  1         |  0.419872  | 0.356014 |
| C12 Misinformation injection            | 0.520135 | 0.466048 | 0.422483  | 0.615366 | 0.345305 | -0.0201928 | 0.412815 | 0.502648 | 0.27624   |  0.295607  |  0.419872  |  1         | 0.62704  |
| C13 Edge-case / low-support prompts     | 0.718305 | 0.702786 | 0.614845  | 0.675714 | 0.508889 |  0.102096  | 0.626798 | 0.5128   | 0.286277  |  0.352372  |  0.356014  |  0.62704   | 1        |