# Inter-Features Correlation

| Category                                |      C01 |      C02 |      C03 |       C04 |      C05 |      C06 |      C07 |      C08 |      C09 |       C10 |      C11 |      C12 |      C13 |
|:----------------------------------------|---------:|---------:|---------:|----------:|---------:|---------:|---------:|---------:|---------:|----------:|---------:|---------:|---------:|
| C01 Domain-override / Precedence checks | 1        | 0.350869 | 0.320495 | 0.419465  | 0.308204 | 0.358698 | 0.320264 | 0.438403 | 0.33021  | 0.150532  | 0.425445 | 0.397712 | 0.428483 |
| C02 Event-log fact-extraction           | 0.350869 | 1        | 0.390487 | 0.550335  | 0.329164 | 0.519812 | 0.503599 | 0.486917 | 0.612478 | 0.211612  | 0.499017 | 0.624967 | 0.632028 |
| C03 Text to Model reconstruction        | 0.320495 | 0.390487 | 1        | 0.354978  | 0.307669 | 0.451715 | 0.342159 | 0.317479 | 0.455255 | 0.323883  | 0.361708 | 0.444071 | 0.416641 |
| C04 Compliance / Conformance reasoning  | 0.419465 | 0.550335 | 0.354978 | 1         | 0.605097 | 0.441713 | 0.424253 | 0.679143 | 0.425133 | 0.0363613 | 0.533024 | 0.60204  | 0.465147 |
| C05 Counterfactual edits                | 0.308204 | 0.329164 | 0.307669 | 0.605097  | 1        | 0.409676 | 0.404121 | 0.46057  | 0.352417 | 0.133766  | 0.494785 | 0.47607  | 0.413254 |
| C06 Multi-process memory interference   | 0.358698 | 0.519812 | 0.451715 | 0.441713  | 0.409676 | 1        | 0.579875 | 0.490689 | 0.620484 | 0.401266  | 0.64064  | 0.58438  | 0.571541 |
| C07 Change-log diffing                  | 0.320264 | 0.503599 | 0.342159 | 0.424253  | 0.404121 | 0.579875 | 1        | 0.407876 | 0.578843 | 0.323443  | 0.56761  | 0.488916 | 0.515091 |
| C08 Temporal / concurrency reasoning    | 0.438403 | 0.486917 | 0.317479 | 0.679143  | 0.46057  | 0.490689 | 0.407876 | 1        | 0.432559 | 0.277002  | 0.520387 | 0.609163 | 0.481768 |
| C09 Unknown-should-remain-unknown       | 0.33021  | 0.612478 | 0.455255 | 0.425133  | 0.352417 | 0.620484 | 0.578843 | 0.432559 | 1        | 0.309678  | 0.573328 | 0.633367 | 0.661633 |
| C10 Domain-synonym enforcement          | 0.150532 | 0.211612 | 0.323883 | 0.0363613 | 0.133766 | 0.401266 | 0.323443 | 0.277002 | 0.309678 | 1         | 0.249241 | 0.296835 | 0.391002 |
| C11 Performance analytics commentary    | 0.425445 | 0.499017 | 0.361708 | 0.533024  | 0.494785 | 0.64064  | 0.56761  | 0.520387 | 0.573328 | 0.249241  | 1        | 0.579292 | 0.538907 |
| C12 Misinformation injection            | 0.397712 | 0.624967 | 0.444071 | 0.60204   | 0.47607  | 0.58438  | 0.488916 | 0.609163 | 0.633367 | 0.296835  | 0.579292 | 1        | 0.668521 |
| C13 Edge-case / low-support prompts     | 0.428483 | 0.632028 | 0.416641 | 0.465147  | 0.413254 | 0.571541 | 0.515091 | 0.481768 | 0.661633 | 0.391002  | 0.538907 | 0.668521 | 1        |