# Inter-Features Correlation

| Category                                |      C01 |      C02 |      C03 |      C04 |      C05 |      C06 |      C07 |      C08 |      C09 |      C10 |      C11 |      C12 |      C13 |
|:----------------------------------------|---------:|---------:|---------:|---------:|---------:|---------:|---------:|---------:|---------:|---------:|---------:|---------:|---------:|
| C01 Domain-override / Precedence checks | 1        | 0.439002 | 0.451117 | 0.459957 | 0.393551 | 0.356633 | 0.383154 | 0.317018 | 0.334087 | 0.235896 | 0.465491 | 0.445263 | 0.508289 |
| C02 Event-log fact-extraction           | 0.439002 | 1        | 0.460595 | 0.566318 | 0.391328 | 0.492643 | 0.646997 | 0.496042 | 0.493383 | 0.508016 | 0.414399 | 0.586841 | 0.696434 |
| C03 Text to Model reconstruction        | 0.451117 | 0.460595 | 1        | 0.48232  | 0.426547 | 0.397321 | 0.442632 | 0.417812 | 0.430783 | 0.542554 | 0.440651 | 0.459587 | 0.495203 |
| C04 Compliance / Conformance reasoning  | 0.459957 | 0.566318 | 0.48232  | 1        | 0.557117 | 0.429034 | 0.50354  | 0.608368 | 0.404437 | 0.431091 | 0.482232 | 0.646013 | 0.56918  |
| C05 Counterfactual edits                | 0.393551 | 0.391328 | 0.426547 | 0.557117 | 1        | 0.415147 | 0.453172 | 0.536456 | 0.272816 | 0.491311 | 0.487967 | 0.510232 | 0.426119 |
| C06 Multi-process memory interference   | 0.356633 | 0.492643 | 0.397321 | 0.429034 | 0.415147 | 1        | 0.368617 | 0.438022 | 0.361752 | 0.315938 | 0.549832 | 0.488345 | 0.368738 |
| C07 Change-log diffing                  | 0.383154 | 0.646997 | 0.442632 | 0.50354  | 0.453172 | 0.368617 | 1        | 0.5188   | 0.473822 | 0.572546 | 0.51925  | 0.576113 | 0.613744 |
| C08 Temporal / concurrency reasoning    | 0.317018 | 0.496042 | 0.417812 | 0.608368 | 0.536456 | 0.438022 | 0.5188   | 1        | 0.29317  | 0.499335 | 0.432539 | 0.594485 | 0.403464 |
| C09 Unknown-should-remain-unknown       | 0.334087 | 0.493383 | 0.430783 | 0.404437 | 0.272816 | 0.361752 | 0.473822 | 0.29317  | 1        | 0.476179 | 0.373685 | 0.545958 | 0.520479 |
| C10 Domain-synonym enforcement          | 0.235896 | 0.508016 | 0.542554 | 0.431091 | 0.491311 | 0.315938 | 0.572546 | 0.499335 | 0.476179 | 1        | 0.421151 | 0.539287 | 0.492324 |
| C11 Performance analytics commentary    | 0.465491 | 0.414399 | 0.440651 | 0.482232 | 0.487967 | 0.549832 | 0.51925  | 0.432539 | 0.373685 | 0.421151 | 1        | 0.457952 | 0.468201 |
| C12 Misinformation injection            | 0.445263 | 0.586841 | 0.459587 | 0.646013 | 0.510232 | 0.488345 | 0.576113 | 0.594485 | 0.545958 | 0.539287 | 0.457952 | 1        | 0.711605 |
| C13 Edge-case / low-support prompts     | 0.508289 | 0.696434 | 0.495203 | 0.56918  | 0.426119 | 0.368738 | 0.613744 | 0.403464 | 0.520479 | 0.492324 | 0.468201 | 0.711605 | 1        |