# Inter-Features Correlation

| Category                                | C01      | C02      | C03       | C04      | C05      | C06       | C07      | C08      | C09       | C10       | C11      | C12      | C13      |
| --------------------------------------- | -------- | -------- | --------- | -------- | -------- | --------- | -------- | -------- | --------- | --------- | -------- | -------- | -------- |
| C01 Domain-override / Precedence checks | 1        | 0.329893 | 0.195387  | 0.312306 | 0.343491 | 0.155607  | 0.445625 | 0.294581 | 0.20893   | 0.124254  | 0.363824 | 0.337658 | 0.207267 |
| C02 Event-log fact-extraction           | 0.329893 | 1        | 0.208672  | 0.45049  | 0.286996 | 0.273545  | 0.456268 | 0.529605 | 0.299151  | 0.065574  | 0.299732 | 0.307918 | 0.207092 |
| C03 Text to Model reconstruction        | 0.195387 | 0.208672 | 1         | 0.294337 | 0.211038 | 0.170012  | 0.287858 | 0.197842 | -0.006782 | 0.083235  | 0.228462 | 0.231407 | 0.129587 |
| C04 Compliance / Conformance reasoning  | 0.312306 | 0.45049  | 0.294337  | 1        | 0.537413 | 0.331096  | 0.473679 | 0.615868 | 0.236834  | 0.119084  | 0.420743 | 0.363832 | 0.358808 |
| C05 Counterfactual edits                | 0.343491 | 0.286996 | 0.211038  | 0.537413 | 1        | 0.2095    | 0.352279 | 0.401557 | 0.204255  | 0.173965  | 0.335263 | 0.374912 | 0.40212  |
| C06 Multi-process memory interference   | 0.155607 | 0.273545 | 0.170012  | 0.331096 | 0.2095   | 1         | 0.260116 | 0.34158  | 0.094075  | -0.050768 | 0.292429 | 0.198261 | 0.150149 |
| C07 Change-log diffing                  | 0.445625 | 0.456268 | 0.287858  | 0.473679 | 0.352279 | 0.260116  | 1        | 0.44019  | 0.305407  | 0.052798  | 0.559714 | 0.476768 | 0.247139 |
| C08 Temporal / concurrency reasoning    | 0.294581 | 0.529605 | 0.197842  | 0.615868 | 0.401557 | 0.34158   | 0.44019  | 1        | 0.267052  | 0.029795  | 0.360648 | 0.439303 | 0.301195 |
| C09 Unknown-should-remain-unknown       | 0.20893  | 0.299151 | -0.006782 | 0.236834 | 0.204255 | 0.094075  | 0.305407 | 0.267052 | 1         | 0.004057  | 0.395379 | 0.363888 | 0.229867 |
| C10 Domain-synonym enforcement          | 0.124254 | 0.065574 | 0.083235  | 0.119084 | 0.173965 | -0.050768 | 0.052798 | 0.029795 | 0.004057  | 1         | 0.043709 | 0.104548 | 0.149629 |
| C11 Performance analytics commentary    | 0.363824 | 0.299732 | 0.228462  | 0.420743 | 0.335263 | 0.292429  | 0.559714 | 0.360648 | 0.395379  | 0.043709  | 1        | 0.49498  | 0.341287 |
| C12 Misinformation injection            | 0.337658 | 0.307918 | 0.231407  | 0.363832 | 0.374912 | 0.198261  | 0.476768 | 0.439303 | 0.363888  | 0.104548  | 0.49498  | 1        | 0.400387 |
| C13 Edge-case / low-support prompts     | 0.207267 | 0.207092 | 0.129587  | 0.358808 | 0.40212  | 0.150149  | 0.247139 | 0.301195 | 0.229867  | 0.149629  | 0.341287 | 0.400387 | 1        |