# Inter-Features Correlation

| Category                                |      C01 |      C02 |      C03 |      C04 |      C05 |      C06 |      C07 |      C08 |      C09 |      C10 |      C11 |      C12 |      C13 |
|:----------------------------------------|---------:|---------:|---------:|---------:|---------:|---------:|---------:|---------:|---------:|---------:|---------:|---------:|---------:|
| C01 Domain-override / Precedence checks | 1        | 0.559465 | 0.415178 | 0.513788 | 0.457373 | 0.394133 | 0.480494 | 0.467341 | 0.466672 | 0.228595 | 0.573352 | 0.574423 | 0.53132  |
| C02 Event-log fact-extraction           | 0.559465 | 1        | 0.480463 | 0.682455 | 0.471997 | 0.598408 | 0.677738 | 0.602549 | 0.696997 | 0.346095 | 0.691845 | 0.779848 | 0.691263 |
| C03 Text to Model reconstruction        | 0.415178 | 0.480463 | 1        | 0.407509 | 0.421487 | 0.376037 | 0.455641 | 0.40309  | 0.491745 | 0.345455 | 0.459443 | 0.512173 | 0.433412 |
| C04 Compliance / Conformance reasoning  | 0.513788 | 0.682455 | 0.407509 | 1        | 0.62531  | 0.480692 | 0.593071 | 0.736299 | 0.552545 | 0.139376 | 0.662524 | 0.67497  | 0.532262 |
| C05 Counterfactual edits                | 0.457373 | 0.471997 | 0.421487 | 0.62531  | 1        | 0.373299 | 0.507492 | 0.548335 | 0.402186 | 0.192744 | 0.562441 | 0.529525 | 0.468546 |
| C06 Multi-process memory interference   | 0.394133 | 0.598408 | 0.376037 | 0.480692 | 0.373299 | 1        | 0.546763 | 0.483621 | 0.611424 | 0.254705 | 0.583037 | 0.59799  | 0.544567 |
| C07 Change-log diffing                  | 0.480494 | 0.677738 | 0.455641 | 0.593071 | 0.507492 | 0.546763 | 1        | 0.501852 | 0.69281  | 0.386084 | 0.736089 | 0.710358 | 0.59403  |
| C08 Temporal / concurrency reasoning    | 0.467341 | 0.602549 | 0.40309  | 0.736299 | 0.548335 | 0.483621 | 0.501852 | 1        | 0.530152 | 0.234217 | 0.595409 | 0.613619 | 0.48451  |
| C09 Unknown-should-remain-unknown       | 0.466672 | 0.696997 | 0.491745 | 0.552545 | 0.402186 | 0.611424 | 0.69281  | 0.530152 | 1        | 0.369091 | 0.668724 | 0.691354 | 0.635624 |
| C10 Domain-synonym enforcement          | 0.228595 | 0.346095 | 0.345455 | 0.139376 | 0.192744 | 0.254705 | 0.386084 | 0.234217 | 0.369091 | 1        | 0.28957  | 0.31551  | 0.375514 |
| C11 Performance analytics commentary    | 0.573352 | 0.691845 | 0.459443 | 0.662524 | 0.562441 | 0.583037 | 0.736089 | 0.595409 | 0.668724 | 0.28957  | 1        | 0.77496  | 0.615492 |
| C12 Misinformation injection            | 0.574423 | 0.779848 | 0.512173 | 0.67497  | 0.529525 | 0.59799  | 0.710358 | 0.613619 | 0.691354 | 0.31551  | 0.77496  | 1        | 0.670008 |
| C13 Edge-case / low-support prompts     | 0.53132  | 0.691263 | 0.433412 | 0.532262 | 0.468546 | 0.544567 | 0.59403  | 0.48451  | 0.635624 | 0.375514 | 0.615492 | 0.670008 | 1        |