# Inter-Features Correlation

| Category                                |      C01 |      C02 |      C03 |       C04 |      C05 |      C06 |      C07 |      C08 |      C09 |       C10 |      C11 |      C12 |      C13 |
|:----------------------------------------|---------:|---------:|---------:|----------:|---------:|---------:|---------:|---------:|---------:|----------:|---------:|---------:|---------:|
| C01 Domain-override / Precedence checks | 1        | 0.423693 | 0.349734 | 0.444305  | 0.335611 | 0.414409 | 0.421818 | 0.468213 | 0.443804 | 0.18618   | 0.459918 | 0.435857 | 0.433243 |
| C02 Event-log fact-extraction           | 0.423693 | 1        | 0.455867 | 0.606035  | 0.402099 | 0.568333 | 0.588649 | 0.574478 | 0.663326 | 0.256215  | 0.579563 | 0.699745 | 0.587997 |
| C03 Text to Model reconstruction        | 0.349734 | 0.455867 | 1        | 0.379933  | 0.322403 | 0.425868 | 0.420628 | 0.358557 | 0.50532  | 0.285417  | 0.43216  | 0.502202 | 0.399375 |
| C04 Compliance / Conformance reasoning  | 0.444305 | 0.606035 | 0.379933 | 1         | 0.633866 | 0.485382 | 0.503677 | 0.686628 | 0.485513 | 0.0967006 | 0.562968 | 0.627845 | 0.457211 |
| C05 Counterfactual edits                | 0.335611 | 0.402099 | 0.322403 | 0.633866  | 1        | 0.436125 | 0.440304 | 0.495786 | 0.403634 | 0.187127  | 0.520567 | 0.487461 | 0.389441 |
| C06 Multi-process memory interference   | 0.414409 | 0.568333 | 0.425868 | 0.485382  | 0.436125 | 1        | 0.588921 | 0.530285 | 0.599599 | 0.288327  | 0.592942 | 0.564894 | 0.545643 |
| C07 Change-log diffing                  | 0.421818 | 0.588649 | 0.420628 | 0.503677  | 0.440304 | 0.588921 | 1        | 0.463774 | 0.661988 | 0.330007  | 0.631125 | 0.577696 | 0.513926 |
| C08 Temporal / concurrency reasoning    | 0.468213 | 0.574478 | 0.358557 | 0.686628  | 0.495786 | 0.530285 | 0.463774 | 1        | 0.473422 | 0.236023  | 0.532786 | 0.610671 | 0.452568 |
| C09 Unknown-should-remain-unknown       | 0.443804 | 0.663326 | 0.50532  | 0.485513  | 0.403634 | 0.599599 | 0.661988 | 0.473422 | 1        | 0.354819  | 0.642427 | 0.668336 | 0.581071 |
| C10 Domain-synonym enforcement          | 0.18618  | 0.256215 | 0.285417 | 0.0967006 | 0.187127 | 0.288327 | 0.330007 | 0.236023 | 0.354819 | 1         | 0.297388 | 0.343799 | 0.311359 |
| C11 Performance analytics commentary    | 0.459918 | 0.579563 | 0.43216  | 0.562968  | 0.520567 | 0.592942 | 0.631125 | 0.532786 | 0.642427 | 0.297388  | 1        | 0.663497 | 0.503807 |
| C12 Misinformation injection            | 0.435857 | 0.699745 | 0.502202 | 0.627845  | 0.487461 | 0.564894 | 0.577696 | 0.610671 | 0.668336 | 0.343799  | 0.663497 | 1        | 0.575327 |
| C13 Edge-case / low-support prompts     | 0.433243 | 0.587997 | 0.399375 | 0.457211  | 0.389441 | 0.545643 | 0.513926 | 0.452568 | 0.581071 | 0.311359  | 0.503807 | 0.575327 | 1        |