# Inter-Features Correlation

| Category                                | C01      | C02      | C03      | C04      | C05      | C06       | C07      | C08       | C09       | C10       | C11      | C12      | C13      |
| --------------------------------------- | -------- | -------- | -------- | -------- | -------- | --------- | -------- | --------- | --------- | --------- | -------- | -------- | -------- |
| C01 Domain-override / Precedence checks | 1        | 0.341532 | 0.212254 | 0.318581 | 0.34237  | 0.160895  | 0.448928 | 0.304365  | 0.215852  | 0.090355  | 0.370574 | 0.343557 | 0.21786  |
| C02 Event-log fact-extraction           | 0.341532 | 1        | 0.223878 | 0.45505  | 0.280908 | 0.28025   | 0.457571 | 0.53602   | 0.310056  | 0.033135  | 0.301468 | 0.314903 | 0.21963  |
| C03 Text to Model reconstruction        | 0.212254 | 0.223878 | 1        | 0.28404  | 0.18513  | 0.164453  | 0.274199 | 0.210319  | 0.000797  | 0.04097   | 0.231505 | 0.230747 | 0.138354 |
| C04 Compliance / Conformance reasoning  | 0.318581 | 0.45505  | 0.28404  | 1        | 0.537457 | 0.335027  | 0.4769   | 0.623072  | 0.242319  | 0.080207  | 0.416798 | 0.379064 | 0.372121 |
| C05 Counterfactual edits                | 0.34237  | 0.280908 | 0.18513  | 0.537457 | 1        | 0.206879  | 0.362397 | 0.393405  | 0.195053  | 0.138295  | 0.35111  | 0.379929 | 0.401225 |
| C06 Multi-process memory interference   | 0.160895 | 0.28025  | 0.164453 | 0.335027 | 0.206879 | 1         | 0.26355  | 0.344487  | 0.104952  | -0.061222 | 0.288546 | 0.201688 | 0.156539 |
| C07 Change-log diffing                  | 0.448928 | 0.457571 | 0.274199 | 0.4769   | 0.362397 | 0.26355   | 1        | 0.437391  | 0.307219  | 0.032346  | 0.563364 | 0.476743 | 0.252223 |
| C08 Temporal / concurrency reasoning    | 0.304365 | 0.53602  | 0.210319 | 0.623072 | 0.393405 | 0.344487  | 0.437391 | 1         | 0.274253  | -0.016992 | 0.350756 | 0.455849 | 0.320742 |
| C09 Unknown-should-remain-unknown       | 0.215852 | 0.310056 | 0.000797 | 0.242319 | 0.195053 | 0.104952  | 0.307219 | 0.274253  | 1         | -0.011217 | 0.385264 | 0.362098 | 0.236165 |
| C10 Domain-synonym enforcement          | 0.090355 | 0.033135 | 0.04097  | 0.080207 | 0.138295 | -0.061222 | 0.032346 | -0.016992 | -0.011217 | 1         | 0.019157 | 0.057703 | 0.106236 |
| C11 Performance analytics commentary    | 0.370574 | 0.301468 | 0.231505 | 0.416798 | 0.35111  | 0.288546  | 0.563364 | 0.350756  | 0.385264  | 0.019157  | 1        | 0.48669  | 0.33841  |
| C12 Misinformation injection            | 0.343557 | 0.314903 | 0.230747 | 0.379064 | 0.379929 | 0.201688  | 0.476743 | 0.455849  | 0.362098  | 0.057703  | 0.48669  | 1        | 0.415256 |
| C13 Edge-case / low-support prompts     | 0.21786  | 0.21963  | 0.138354 | 0.372121 | 0.401225 | 0.156539  | 0.252223 | 0.320742  | 0.236165  | 0.106236  | 0.33841  | 0.415256 | 1        |