# Inter-Features Correlation

| Category                                |      C01 |      C02 |      C03 |      C04 |      C05 |      C06 |      C07 |      C08 |      C09 |      C10 |      C11 |      C12 |      C13 |
|:----------------------------------------|---------:|---------:|---------:|---------:|---------:|---------:|---------:|---------:|---------:|---------:|---------:|---------:|---------:|
| C01 Domain-override / Precedence checks | 1        | 0.563982 | 0.420636 | 0.518427 | 0.459179 | 0.399421 | 0.48316  | 0.46759  | 0.467549 | 0.222296 | 0.578765 | 0.574838 | 0.534461 |
| C02 Event-log fact-extraction           | 0.563982 | 1        | 0.4818   | 0.684259 | 0.474952 | 0.601609 | 0.679285 | 0.602591 | 0.697488 | 0.337788 | 0.694956 | 0.780307 | 0.693543 |
| C03 Text to Model reconstruction        | 0.420636 | 0.4818   | 1        | 0.408233 | 0.419082 | 0.376157 | 0.453356 | 0.404006 | 0.491108 | 0.344798 | 0.459974 | 0.510485 | 0.43265  |
| C04 Compliance / Conformance reasoning  | 0.518427 | 0.684259 | 0.408233 | 1        | 0.626326 | 0.484233 | 0.596237 | 0.731426 | 0.552233 | 0.134893 | 0.665484 | 0.675773 | 0.535079 |
| C05 Counterfactual edits                | 0.459179 | 0.474952 | 0.419082 | 0.626326 | 1        | 0.377718 | 0.510487 | 0.54797  | 0.403942 | 0.184121 | 0.565469 | 0.531524 | 0.47228  |
| C06 Multi-process memory interference   | 0.399421 | 0.601609 | 0.376157 | 0.484233 | 0.377718 | 1        | 0.549919 | 0.484163 | 0.612413 | 0.245463 | 0.58735  | 0.599835 | 0.548478 |
| C07 Change-log diffing                  | 0.48316  | 0.679285 | 0.453356 | 0.596237 | 0.510487 | 0.549919 | 1        | 0.499959 | 0.692468 | 0.376921 | 0.737782 | 0.711511 | 0.596738 |
| C08 Temporal / concurrency reasoning    | 0.46759  | 0.602591 | 0.404006 | 0.731426 | 0.54797  | 0.484163 | 0.499959 | 1        | 0.531132 | 0.22839  | 0.594318 | 0.612693 | 0.485085 |
| C09 Unknown-should-remain-unknown       | 0.467549 | 0.697488 | 0.491108 | 0.552233 | 0.403942 | 0.612413 | 0.692468 | 0.531132 | 1        | 0.362879 | 0.668608 | 0.691826 | 0.636491 |
| C10 Domain-synonym enforcement          | 0.222296 | 0.337788 | 0.344798 | 0.134893 | 0.184121 | 0.245463 | 0.376921 | 0.22839  | 0.362879 | 1        | 0.278776 | 0.309132 | 0.364842 |
| C11 Performance analytics commentary    | 0.578765 | 0.694956 | 0.459974 | 0.665484 | 0.565469 | 0.58735  | 0.737782 | 0.594318 | 0.668608 | 0.278776 | 1        | 0.775042 | 0.619302 |
| C12 Misinformation injection            | 0.574838 | 0.780307 | 0.510485 | 0.675773 | 0.531524 | 0.599835 | 0.711511 | 0.612693 | 0.691826 | 0.309132 | 0.775042 | 1        | 0.671394 |
| C13 Edge-case / low-support prompts     | 0.534461 | 0.693543 | 0.43265  | 0.535079 | 0.47228  | 0.548478 | 0.596738 | 0.485085 | 0.636491 | 0.364842 | 0.619302 | 0.671394 | 1        |