# Inter-Features Correlation

| Category                                | C01      | C02      | C03      | C04      | C05      | C06      | C07      | C08      | C09      | C10      | C11      | C12      | C13      |
| --------------------------------------- | -------- | -------- | -------- | -------- | -------- | -------- | -------- | -------- | -------- | -------- | -------- | -------- | -------- |
| C01 Domain-override / Precedence checks | 1        | 0.576372 | 0.44398  | 0.538726 | 0.466419 | 0.43337  | 0.507694 | 0.481383 | 0.511504 | 0.189483 | 0.611991 | 0.592551 | 0.522765 |
| C02 Event-log fact-extraction           | 0.576372 | 1        | 0.496102 | 0.696605 | 0.494691 | 0.632578 | 0.696548 | 0.621645 | 0.708078 | 0.308808 | 0.711144 | 0.799576 | 0.667726 |
| C03 Text to Model reconstruction        | 0.44398  | 0.496102 | 1        | 0.4211   | 0.42563  | 0.392863 | 0.465157 | 0.408679 | 0.483965 | 0.28044  | 0.486833 | 0.523983 | 0.413257 |
| C04 Compliance / Conformance reasoning  | 0.538726 | 0.696605 | 0.4211   | 1        | 0.626701 | 0.523591 | 0.614079 | 0.750551 | 0.572221 | 0.130445 | 0.670101 | 0.682874 | 0.539159 |
| C05 Counterfactual edits                | 0.466419 | 0.494691 | 0.42563  | 0.626701 | 1        | 0.389253 | 0.506552 | 0.554142 | 0.423537 | 0.144194 | 0.570313 | 0.552053 | 0.475414 |
| C06 Multi-process memory interference   | 0.43337  | 0.632578 | 0.392863 | 0.523591 | 0.389253 | 1        | 0.586411 | 0.51579  | 0.623667 | 0.227756 | 0.627656 | 0.635312 | 0.526952 |
| C07 Change-log diffing                  | 0.507694 | 0.696548 | 0.465157 | 0.614079 | 0.506552 | 0.586411 | 1        | 0.523065 | 0.707176 | 0.342815 | 0.746678 | 0.720025 | 0.585    |
| C08 Temporal / concurrency reasoning    | 0.481383 | 0.621645 | 0.408679 | 0.750551 | 0.554142 | 0.51579  | 0.523065 | 1        | 0.546727 | 0.205186 | 0.601943 | 0.621863 | 0.481364 |
| C09 Unknown-should-remain-unknown       | 0.511504 | 0.708078 | 0.483965 | 0.572221 | 0.423537 | 0.623667 | 0.707176 | 0.546727 | 1        | 0.321077 | 0.703667 | 0.707187 | 0.629447 |
| C10 Domain-synonym enforcement          | 0.189483 | 0.308808 | 0.28044  | 0.130445 | 0.144194 | 0.227756 | 0.342815 | 0.205186 | 0.321077 | 1        | 0.242293 | 0.262132 | 0.339351 |
| C11 Performance analytics commentary    | 0.611991 | 0.711144 | 0.486833 | 0.670101 | 0.570313 | 0.627656 | 0.746678 | 0.601943 | 0.703667 | 0.242293 | 1        | 0.791145 | 0.594733 |
| C12 Misinformation injection            | 0.592551 | 0.799576 | 0.523983 | 0.682874 | 0.552053 | 0.635312 | 0.720025 | 0.621863 | 0.707187 | 0.262132 | 0.791145 | 1        | 0.649851 |
| C13 Edge-case / low-support prompts     | 0.522765 | 0.667726 | 0.413257 | 0.539159 | 0.475414 | 0.526952 | 0.585    | 0.481364 | 0.629447 | 0.339351 | 0.594733 | 0.649851 | 1        |