# Inter-Features Correlation

| Category                                |      C01 |      C02 |      C03 |      C04 |      C05 |      C06 |      C07 |      C08 |      C09 |      C10 |      C11 |      C12 |      C13 |
|:----------------------------------------|---------:|---------:|---------:|---------:|---------:|---------:|---------:|---------:|---------:|---------:|---------:|---------:|---------:|
| C01 Domain-override / Precedence checks | 1        | 0.59177  | 0.508821 | 0.470899 | 0.433018 | 0.42411  | 0.472222 | 0.391793 | 0.356115 | 0.282395 | 0.414316 | 0.44993  | 0.58396  |
| C02 Event-log fact-extraction           | 0.59177  | 1        | 0.432122 | 0.573661 | 0.323167 | 0.424255 | 0.603628 | 0.541592 | 0.284546 | 0.403757 | 0.300944 | 0.572784 | 0.752877 |
| C03 Text to Model reconstruction        | 0.508821 | 0.432122 | 1        | 0.492089 | 0.47925  | 0.322024 | 0.464423 | 0.470399 | 0.410627 | 0.486711 | 0.443595 | 0.508711 | 0.583836 |
| C04 Compliance / Conformance reasoning  | 0.470899 | 0.573661 | 0.492089 | 1        | 0.464338 | 0.296896 | 0.544963 | 0.647091 | 0.382596 | 0.363698 | 0.373208 | 0.622759 | 0.628515 |
| C05 Counterfactual edits                | 0.433018 | 0.323167 | 0.47925  | 0.464338 | 1        | 0.299546 | 0.518673 | 0.53218  | 0.302029 | 0.374866 | 0.362513 | 0.472028 | 0.463541 |
| C06 Multi-process memory interference   | 0.42411  | 0.424255 | 0.322024 | 0.296896 | 0.299546 | 1        | 0.461424 | 0.31299  | 0.447402 | 0.228652 | 0.599944 | 0.390984 | 0.471908 |
| C07 Change-log diffing                  | 0.472222 | 0.603628 | 0.464423 | 0.544963 | 0.518673 | 0.461424 | 1        | 0.616703 | 0.27298  | 0.482399 | 0.453215 | 0.561946 | 0.609243 |
| C08 Temporal / concurrency reasoning    | 0.391793 | 0.541592 | 0.470399 | 0.647091 | 0.53218  | 0.31299  | 0.616703 | 1        | 0.376573 | 0.51417  | 0.283582 | 0.628831 | 0.527257 |
| C09 Unknown-should-remain-unknown       | 0.356115 | 0.284546 | 0.410627 | 0.382596 | 0.302029 | 0.447402 | 0.27298  | 0.376573 | 1        | 0.401373 | 0.340136 | 0.627252 | 0.481687 |
| C10 Domain-synonym enforcement          | 0.282395 | 0.403757 | 0.486711 | 0.363698 | 0.374866 | 0.228652 | 0.482399 | 0.51417  | 0.401373 | 1        | 0.338509 | 0.54172  | 0.503431 |
| C11 Performance analytics commentary    | 0.414316 | 0.300944 | 0.443595 | 0.373208 | 0.362513 | 0.599944 | 0.453215 | 0.283582 | 0.340136 | 0.338509 | 1        | 0.403214 | 0.361766 |
| C12 Misinformation injection            | 0.44993  | 0.572784 | 0.508711 | 0.622759 | 0.472028 | 0.390984 | 0.561946 | 0.628831 | 0.627252 | 0.54172  | 0.403214 | 1        | 0.728275 |
| C13 Edge-case / low-support prompts     | 0.58396  | 0.752877 | 0.583836 | 0.628515 | 0.463541 | 0.471908 | 0.609243 | 0.527257 | 0.481687 | 0.503431 | 0.361766 | 0.728275 | 1        |