# Inter-Features Correlation

| Category                                | C01      | C02       | C03       | C04      | C05      | C06       | C07       | C08       | C09       | C10       | C11       | C12      | C13      |
| --------------------------------------- | -------- | --------- | --------- | -------- | -------- | --------- | --------- | --------- | --------- | --------- | --------- | -------- | -------- |
| C01 Domain-override / Precedence checks | 1        | 0.354602  | 0.190446  | 0.314458 | 0.318179 | 0.162474  | 0.457074  | 0.306213  | 0.212599  | 0.081221  | 0.362734  | 0.342917 | 0.224955 |
| C02 Event-log fact-extraction           | 0.354602 | 1         | 0.140699  | 0.475632 | 0.299121 | 0.291508  | 0.497317  | 0.562652  | 0.312513  | -0.008696 | 0.336462  | 0.355545 | 0.239811 |
| C03 Text to Model reconstruction        | 0.190446 | 0.140699  | 1         | 0.199682 | 0.076094 | 0.134159  | 0.196223  | 0.110238  | -0.007496 | 0.052502  | 0.193824  | 0.162837 | 0.125766 |
| C04 Compliance / Conformance reasoning  | 0.314458 | 0.475632  | 0.199682  | 1        | 0.562546 | 0.350155  | 0.465315  | 0.608434  | 0.22574   | 0.039281  | 0.425602  | 0.39745  | 0.370216 |
| C05 Counterfactual edits                | 0.318179 | 0.299121  | 0.076094  | 0.562546 | 1        | 0.237375  | 0.344541  | 0.382455  | 0.166352  | 0.103254  | 0.337164  | 0.387539 | 0.341347 |
| C06 Multi-process memory interference   | 0.162474 | 0.291508  | 0.134159  | 0.350155 | 0.237375 | 1         | 0.234956  | 0.323478  | 0.089911  | -0.051283 | 0.302243  | 0.193431 | 0.151266 |
| C07 Change-log diffing                  | 0.457074 | 0.497317  | 0.196223  | 0.465315 | 0.344541 | 0.234956  | 1         | 0.474305  | 0.307282  | -0.020723 | 0.551361  | 0.497101 | 0.256892 |
| C08 Temporal / concurrency reasoning    | 0.306213 | 0.562652  | 0.110238  | 0.608434 | 0.382455 | 0.323478  | 0.474305  | 1         | 0.284671  | -0.073362 | 0.36298   | 0.479559 | 0.326818 |
| C09 Unknown-should-remain-unknown       | 0.212599 | 0.312513  | -0.007496 | 0.22574  | 0.166352 | 0.089911  | 0.307282  | 0.284671  | 1         | -0.010178 | 0.372384  | 0.361562 | 0.221527 |
| C10 Domain-synonym enforcement          | 0.081221 | -0.008696 | 0.052502  | 0.039281 | 0.103254 | -0.051283 | -0.020723 | -0.073362 | -0.010178 | 1         | -0.039832 | 0.008458 | 0.059609 |
| C11 Performance analytics commentary    | 0.362734 | 0.336462  | 0.193824  | 0.425602 | 0.337164 | 0.302243  | 0.551361  | 0.36298   | 0.372384  | -0.039832 | 1         | 0.478499 | 0.357252 |
| C12 Misinformation injection            | 0.342917 | 0.355545  | 0.162837  | 0.39745  | 0.387539 | 0.193431  | 0.497101  | 0.479559  | 0.361562  | 0.008458  | 0.478499  | 1        | 0.407688 |
| C13 Edge-case / low-support prompts     | 0.224955 | 0.239811  | 0.125766  | 0.370216 | 0.341347 | 0.151266  | 0.256892  | 0.326818  | 0.221527  | 0.059609  | 0.357252  | 0.407688 | 1        |