# Inter-Features Correlation

| Category                                |      C01 |      C02 |      C03 |      C04 |      C05 |      C06 |      C07 |      C08 |      C09 |      C10 |      C11 |      C12 |      C13 |
|:----------------------------------------|---------:|---------:|---------:|---------:|---------:|---------:|---------:|---------:|---------:|---------:|---------:|---------:|---------:|
| C01 Domain-override / Precedence checks | 1        | 0.66648  | 0.570757 | 0.607852 | 0.432773 | 0.382972 | 0.48378  | 0.439116 | 0.423647 | 0.24602  | 0.440168 | 0.519395 | 0.644739 |
| C02 Event-log fact-extraction           | 0.66648  | 1        | 0.451565 | 0.587823 | 0.345163 | 0.417618 | 0.624635 | 0.543096 | 0.254263 | 0.419352 | 0.352238 | 0.574068 | 0.763022 |
| C03 Text to Model reconstruction        | 0.570757 | 0.451565 | 1        | 0.607509 | 0.654153 | 0.255675 | 0.487012 | 0.557374 | 0.407896 | 0.504199 | 0.399764 | 0.528882 | 0.615312 |
| C04 Compliance / Conformance reasoning  | 0.607852 | 0.587823 | 0.607509 | 1        | 0.461353 | 0.333512 | 0.573796 | 0.650658 | 0.400615 | 0.446926 | 0.494845 | 0.625582 | 0.655597 |
| C05 Counterfactual edits                | 0.432773 | 0.345163 | 0.654153 | 0.461353 | 1        | 0.294816 | 0.524174 | 0.512655 | 0.340457 | 0.383808 | 0.452401 | 0.48603  | 0.491686 |
| C06 Multi-process memory interference   | 0.382972 | 0.417618 | 0.255675 | 0.333512 | 0.294816 | 1        | 0.43086  | 0.287094 | 0.43499  | 0.139478 | 0.645936 | 0.375061 | 0.488571 |
| C07 Change-log diffing                  | 0.48378  | 0.624635 | 0.487012 | 0.573796 | 0.524174 | 0.43086  | 1        | 0.601037 | 0.247164 | 0.457766 | 0.412141 | 0.54487  | 0.633314 |
| C08 Temporal / concurrency reasoning    | 0.439116 | 0.543096 | 0.557374 | 0.650658 | 0.512655 | 0.287094 | 0.601037 | 1        | 0.339801 | 0.538843 | 0.318183 | 0.589325 | 0.548017 |
| C09 Unknown-should-remain-unknown       | 0.423647 | 0.254263 | 0.407896 | 0.400615 | 0.340457 | 0.43499  | 0.247164 | 0.339801 | 1        | 0.376136 | 0.423417 | 0.609499 | 0.482247 |
| C10 Domain-synonym enforcement          | 0.24602  | 0.419352 | 0.504199 | 0.446926 | 0.383808 | 0.139478 | 0.457766 | 0.538843 | 0.376136 | 1        | 0.244768 | 0.582166 | 0.532376 |
| C11 Performance analytics commentary    | 0.440168 | 0.352238 | 0.399764 | 0.494845 | 0.452401 | 0.645936 | 0.412141 | 0.318183 | 0.423417 | 0.244768 | 1        | 0.499281 | 0.455298 |
| C12 Misinformation injection            | 0.519395 | 0.574068 | 0.528882 | 0.625582 | 0.48603  | 0.375061 | 0.54487  | 0.589325 | 0.609499 | 0.582166 | 0.499281 | 1        | 0.740751 |
| C13 Edge-case / low-support prompts     | 0.644739 | 0.763022 | 0.615312 | 0.655597 | 0.491686 | 0.488571 | 0.633314 | 0.548017 | 0.482247 | 0.532376 | 0.455298 | 0.740751 | 1        |