# Inter-Features Correlation

| Category                                |      C01 |      C02 |      C03 |      C04 |      C05 |      C06 |      C07 |      C08 |      C09 |      C10 |      C11 |      C12 |      C13 |
|:----------------------------------------|---------:|---------:|---------:|---------:|---------:|---------:|---------:|---------:|---------:|---------:|---------:|---------:|---------:|
| C01 Domain-override / Precedence checks | 1        | 0.423784 | 0.342707 | 0.442575 | 0.330133 | 0.414491 | 0.42059  | 0.456792 | 0.446247 | 0.186577 | 0.463298 | 0.439663 | 0.41663  |
| C02 Event-log fact-extraction           | 0.423784 | 1        | 0.43945  | 0.607861 | 0.403863 | 0.560563 | 0.575438 | 0.577613 | 0.660162 | 0.264851 | 0.576184 | 0.692052 | 0.580775 |
| C03 Text to Model reconstruction        | 0.342707 | 0.43945  | 1        | 0.376425 | 0.312988 | 0.405512 | 0.413614 | 0.338886 | 0.500586 | 0.263392 | 0.428163 | 0.48616  | 0.379152 |
| C04 Compliance / Conformance reasoning  | 0.442575 | 0.607861 | 0.376425 | 1        | 0.633123 | 0.470536 | 0.488532 | 0.687766 | 0.484213 | 0.102036 | 0.562684 | 0.616    | 0.450823 |
| C05 Counterfactual edits                | 0.330133 | 0.403863 | 0.312988 | 0.633123 | 1        | 0.424982 | 0.427162 | 0.499727 | 0.397737 | 0.192275 | 0.506584 | 0.472866 | 0.396217 |
| C06 Multi-process memory interference   | 0.414491 | 0.560563 | 0.405512 | 0.470536 | 0.424982 | 1        | 0.5904   | 0.502153 | 0.595616 | 0.28614  | 0.581197 | 0.568001 | 0.525884 |
| C07 Change-log diffing                  | 0.42059  | 0.575438 | 0.413614 | 0.488532 | 0.427162 | 0.5904   | 1        | 0.430821 | 0.658841 | 0.318233 | 0.619816 | 0.578239 | 0.491601 |
| C08 Temporal / concurrency reasoning    | 0.456792 | 0.577613 | 0.338886 | 0.687766 | 0.499727 | 0.502153 | 0.430821 | 1        | 0.461288 | 0.249248 | 0.520341 | 0.582306 | 0.456421 |
| C09 Unknown-should-remain-unknown       | 0.446247 | 0.660162 | 0.500586 | 0.484213 | 0.397737 | 0.595616 | 0.658841 | 0.461288 | 1        | 0.350761 | 0.643155 | 0.667895 | 0.561895 |
| C10 Domain-synonym enforcement          | 0.186577 | 0.264851 | 0.263392 | 0.102036 | 0.192275 | 0.28614  | 0.318233 | 0.249248 | 0.350761 | 1        | 0.29288  | 0.3395   | 0.314049 |
| C11 Performance analytics commentary    | 0.463298 | 0.576184 | 0.428163 | 0.562684 | 0.506584 | 0.581197 | 0.619816 | 0.520341 | 0.643155 | 0.29288  | 1        | 0.662412 | 0.470604 |
| C12 Misinformation injection            | 0.439663 | 0.692052 | 0.48616  | 0.616    | 0.472866 | 0.568001 | 0.578239 | 0.582306 | 0.667895 | 0.3395   | 0.662412 | 1        | 0.544855 |
| C13 Edge-case / low-support prompts     | 0.41663  | 0.580775 | 0.379152 | 0.450823 | 0.396217 | 0.525884 | 0.491601 | 0.456421 | 0.561895 | 0.314049 | 0.470604 | 0.544855 | 1        |