# Inter-Features Correlation

| Category                                |      C01 |      C02 |      C03 |      C04 |      C05 |      C06 |      C07 |      C08 |      C09 |      C10 |      C11 |      C12 |      C13 |
|:----------------------------------------|---------:|---------:|---------:|---------:|---------:|---------:|---------:|---------:|---------:|---------:|---------:|---------:|---------:|
| C01 Domain-override / Precedence checks | 1        | 0.453405 | 0.463165 | 0.497891 | 0.464176 | 0.408836 | 0.417737 | 0.389607 | 0.318624 | 0.248718 | 0.483458 | 0.478397 | 0.517959 |
| C02 Event-log fact-extraction           | 0.453405 | 1        | 0.496673 | 0.587497 | 0.395485 | 0.540325 | 0.661809 | 0.51001  | 0.532593 | 0.51654  | 0.416823 | 0.590406 | 0.707406 |
| C03 Text to Model reconstruction        | 0.463165 | 0.496673 | 1        | 0.515894 | 0.476336 | 0.457118 | 0.486422 | 0.525485 | 0.428062 | 0.545378 | 0.45369  | 0.493625 | 0.531693 |
| C04 Compliance / Conformance reasoning  | 0.497891 | 0.587497 | 0.515894 | 1        | 0.547447 | 0.410234 | 0.55816  | 0.632632 | 0.460385 | 0.460922 | 0.496092 | 0.649346 | 0.624782 |
| C05 Counterfactual edits                | 0.464176 | 0.395485 | 0.476336 | 0.547447 | 1        | 0.376957 | 0.511756 | 0.510037 | 0.360086 | 0.535172 | 0.50199  | 0.499039 | 0.468139 |
| C06 Multi-process memory interference   | 0.408836 | 0.540325 | 0.457118 | 0.410234 | 0.376957 | 1        | 0.434906 | 0.418455 | 0.423977 | 0.374201 | 0.570738 | 0.516048 | 0.440108 |
| C07 Change-log diffing                  | 0.417737 | 0.661809 | 0.486422 | 0.55816  | 0.511756 | 0.434906 | 1        | 0.571713 | 0.501931 | 0.583847 | 0.563985 | 0.615194 | 0.646485 |
| C08 Temporal / concurrency reasoning    | 0.389607 | 0.51001  | 0.525485 | 0.632632 | 0.510037 | 0.418455 | 0.571713 | 1        | 0.382395 | 0.512355 | 0.45162  | 0.599558 | 0.468787 |
| C09 Unknown-should-remain-unknown       | 0.318624 | 0.532593 | 0.428062 | 0.460385 | 0.360086 | 0.423977 | 0.501931 | 0.382395 | 1        | 0.499141 | 0.400053 | 0.60233  | 0.54909  |
| C10 Domain-synonym enforcement          | 0.248718 | 0.51654  | 0.545378 | 0.460922 | 0.535172 | 0.374201 | 0.583847 | 0.512355 | 0.499141 | 1        | 0.437959 | 0.546666 | 0.534838 |
| C11 Performance analytics commentary    | 0.483458 | 0.416823 | 0.45369  | 0.496092 | 0.50199  | 0.570738 | 0.563985 | 0.45162  | 0.400053 | 0.437959 | 1        | 0.475215 | 0.476169 |
| C12 Misinformation injection            | 0.478397 | 0.590406 | 0.493625 | 0.649346 | 0.499039 | 0.516048 | 0.615194 | 0.599558 | 0.60233  | 0.546666 | 0.475215 | 1        | 0.747561 |
| C13 Edge-case / low-support prompts     | 0.517959 | 0.707406 | 0.531693 | 0.624782 | 0.468139 | 0.440108 | 0.646485 | 0.468787 | 0.54909  | 0.534838 | 0.476169 | 0.747561 | 1        |