# Inter-Features Correlation

| Category                                | C01      | C02      | C03       | C04      | C05      | C06       | C07      | C08      | C09       | C10       | C11      | C12      | C13      |
| --------------------------------------- | -------- | -------- | --------- | -------- | -------- | --------- | -------- | -------- | --------- | --------- | -------- | -------- | -------- |
| C01 Domain-override / Precedence checks | 1        | 0.355792 | 0.277459  | 0.315278 | 0.33408  | 0.220106  | 0.476287 | 0.29502  | 0.242059  | 0.108767  | 0.376568 | 0.355523 | 0.204204 |
| C02 Event-log fact-extraction           | 0.355792 | 1        | 0.240463  | 0.432863 | 0.295701 | 0.254029  | 0.442996 | 0.51849  | 0.270636  | 0.106628  | 0.252503 | 0.30643  | 0.180101 |
| C03 Text to Model reconstruction        | 0.277459 | 0.240463 | 1         | 0.293488 | 0.25007  | 0.180402  | 0.304315 | 0.214563 | -0.002185 | 0.046135  | 0.265735 | 0.279565 | 0.112437 |
| C04 Compliance / Conformance reasoning  | 0.315278 | 0.432863 | 0.293488  | 1        | 0.566911 | 0.34547   | 0.442564 | 0.600036 | 0.218461  | 0.126458  | 0.373504 | 0.384131 | 0.318092 |
| C05 Counterfactual edits                | 0.33408  | 0.295701 | 0.25007   | 0.566911 | 1        | 0.226144  | 0.346694 | 0.390793 | 0.20011   | 0.16883   | 0.343821 | 0.372816 | 0.406601 |
| C06 Multi-process memory interference   | 0.220106 | 0.254029 | 0.180402  | 0.34547  | 0.226144 | 1         | 0.264576 | 0.347431 | 0.058482  | -0.010176 | 0.294982 | 0.205308 | 0.144536 |
| C07 Change-log diffing                  | 0.476287 | 0.442996 | 0.304315  | 0.442564 | 0.346694 | 0.264576  | 1        | 0.375602 | 0.270186  | 0.059439  | 0.507856 | 0.478894 | 0.176869 |
| C08 Temporal / concurrency reasoning    | 0.29502  | 0.51849  | 0.214563  | 0.600036 | 0.390793 | 0.347431  | 0.375602 | 1        | 0.225205  | 0.035963  | 0.276338 | 0.444412 | 0.235221 |
| C09 Unknown-should-remain-unknown       | 0.242059 | 0.270636 | -0.002185 | 0.218461 | 0.20011  | 0.058482  | 0.270186 | 0.225205 | 1         | 0.036838  | 0.359745 | 0.35876  | 0.201496 |
| C10 Domain-synonym enforcement          | 0.108767 | 0.106628 | 0.046135  | 0.126458 | 0.16883  | -0.010176 | 0.059439 | 0.035963 | 0.036838  | 1         | 0.072595 | 0.125193 | 0.154271 |
| C11 Performance analytics commentary    | 0.376568 | 0.252503 | 0.265735  | 0.373504 | 0.343821 | 0.294982  | 0.507856 | 0.276338 | 0.359745  | 0.072595  | 1        | 0.507156 | 0.275391 |
| C12 Misinformation injection            | 0.355523 | 0.30643  | 0.279565  | 0.384131 | 0.372816 | 0.205308  | 0.478894 | 0.444412 | 0.35876   | 0.125193  | 0.507156 | 1        | 0.404924 |
| C13 Edge-case / low-support prompts     | 0.204204 | 0.180101 | 0.112437  | 0.318092 | 0.406601 | 0.144536  | 0.176869 | 0.235221 | 0.201496  | 0.154271  | 0.275391 | 0.404924 | 1        |