# Inter-Features Correlation

| Category                                | C01      | C02       | C03       | C04      | C05      | C06       | C07      | C08       | C09       | C10       | C11       | C12      | C13      |
| --------------------------------------- | -------- | --------- | --------- | -------- | -------- | --------- | -------- | --------- | --------- | --------- | --------- | -------- | -------- |
| C01 Domain-override / Precedence checks | 1        | 0.342937  | 0.214798  | 0.313124 | 0.316509 | 0.159498  | 0.447541 | 0.299233  | 0.218295  | 0.069321  | 0.372434  | 0.342351 | 0.220954 |
| C02 Event-log fact-extraction           | 0.342937 | 1         | 0.162945  | 0.484144 | 0.309304 | 0.291377  | 0.47829  | 0.552428  | 0.325402  | -0.008733 | 0.342213  | 0.350492 | 0.235703 |
| C03 Text to Model reconstruction        | 0.214798 | 0.162945  | 1         | 0.218462 | 0.089662 | 0.136018  | 0.222741 | 0.133608  | -0.015574 | 0.063877  | 0.18077   | 0.17068  | 0.12695  |
| C04 Compliance / Conformance reasoning  | 0.313124 | 0.484144  | 0.218462  | 1        | 0.555501 | 0.356966  | 0.477358 | 0.623724  | 0.247494  | 0.048174  | 0.443464  | 0.399762 | 0.365641 |
| C05 Counterfactual edits                | 0.316509 | 0.309304  | 0.089662  | 0.555501 | 1        | 0.246651  | 0.360656 | 0.403591  | 0.184464  | 0.102425  | 0.361663  | 0.390938 | 0.343529 |
| C06 Multi-process memory interference   | 0.159498 | 0.291377  | 0.136018  | 0.356966 | 0.246651 | 1         | 0.234423 | 0.320562  | 0.08631   | -0.050571 | 0.294187  | 0.198391 | 0.146081 |
| C07 Change-log diffing                  | 0.447541 | 0.47829   | 0.222741  | 0.477358 | 0.360656 | 0.234423  | 1        | 0.456165  | 0.329349  | -0.01504  | 0.565018  | 0.495776 | 0.246672 |
| C08 Temporal / concurrency reasoning    | 0.299233 | 0.552428  | 0.133608  | 0.623724 | 0.403591 | 0.320562  | 0.456165 | 1         | 0.300285  | -0.060639 | 0.359815  | 0.485073 | 0.31916  |
| C09 Unknown-should-remain-unknown       | 0.218295 | 0.325402  | -0.015574 | 0.247494 | 0.184464 | 0.08631   | 0.329349 | 0.300285  | 1         | -0.033177 | 0.37867   | 0.376187 | 0.243314 |
| C10 Domain-synonym enforcement          | 0.069321 | -0.008733 | 0.063877  | 0.048174 | 0.102425 | -0.050571 | -0.01504 | -0.060639 | -0.033177 | 1         | -0.023067 | 0.009759 | 0.086772 |
| C11 Performance analytics commentary    | 0.372434 | 0.342213  | 0.18077   | 0.443464 | 0.361663 | 0.294187  | 0.565018 | 0.359815  | 0.37867   | -0.023067 | 1         | 0.495757 | 0.346922 |
| C12 Misinformation injection            | 0.342351 | 0.350492  | 0.17068   | 0.399762 | 0.390938 | 0.198391  | 0.495776 | 0.485073  | 0.376187  | 0.009759  | 0.495757  | 1        | 0.412982 |
| C13 Edge-case / low-support prompts     | 0.220954 | 0.235703  | 0.12695   | 0.365641 | 0.343529 | 0.146081  | 0.246672 | 0.31916   | 0.243314  | 0.086772  | 0.346922  | 0.412982 | 1        |