# Inter-Features Correlation

| Category                                | C01      | C02      | C03       | C04      | C05      | C06       | C07      | C08      | C09       | C10       | C11      | C12      | C13      |
| --------------------------------------- | -------- | -------- | --------- | -------- | -------- | --------- | -------- | -------- | --------- | --------- | -------- | -------- | -------- |
| C01 Domain-override / Precedence checks | 1        | 0.341437 | 0.238119  | 0.293679 | 0.327987 | 0.208077  | 0.447577 | 0.272915 | 0.231023  | 0.104424  | 0.36163  | 0.353597 | 0.198046 |
| C02 Event-log fact-extraction           | 0.341437 | 1        | 0.217711  | 0.435456 | 0.308981 | 0.269763  | 0.457675 | 0.5301   | 0.292742  | 0.091341  | 0.28064  | 0.315389 | 0.197096 |
| C03 Text to Model reconstruction        | 0.238119 | 0.217711 | 1         | 0.316687 | 0.225006 | 0.164049  | 0.300367 | 0.212229 | -0.010172 | 0.091507  | 0.245179 | 0.231968 | 0.136448 |
| C04 Compliance / Conformance reasoning  | 0.293679 | 0.435456 | 0.316687  | 1        | 0.561946 | 0.349453  | 0.461392 | 0.60731  | 0.231995  | 0.140044  | 0.391073 | 0.369161 | 0.343254 |
| C05 Counterfactual edits                | 0.327987 | 0.308981 | 0.225006  | 0.561946 | 1        | 0.240525  | 0.361111 | 0.404703 | 0.220218  | 0.151557  | 0.359252 | 0.380071 | 0.412278 |
| C06 Multi-process memory interference   | 0.208077 | 0.269763 | 0.164049  | 0.349453 | 0.240525 | 1         | 0.286439 | 0.368173 | 0.087209  | -0.025056 | 0.3134   | 0.212494 | 0.162108 |
| C07 Change-log diffing                  | 0.447577 | 0.457675 | 0.300367  | 0.461392 | 0.361111 | 0.286439  | 1        | 0.424944 | 0.30374   | 0.056172  | 0.543019 | 0.471376 | 0.227515 |
| C08 Temporal / concurrency reasoning    | 0.272915 | 0.5301   | 0.212229  | 0.60731  | 0.404703 | 0.368173  | 0.424944 | 1        | 0.267464  | 0.028959  | 0.340076 | 0.437906 | 0.286628 |
| C09 Unknown-should-remain-unknown       | 0.231023 | 0.292742 | -0.010172 | 0.231995 | 0.220218 | 0.087209  | 0.30374  | 0.267464 | 1         | 0.019214  | 0.392921 | 0.36435  | 0.225292 |
| C10 Domain-synonym enforcement          | 0.104424 | 0.091341 | 0.091507  | 0.140044 | 0.151557 | -0.025056 | 0.056172 | 0.028959 | 0.019214  | 1         | 0.064862 | 0.103547 | 0.159401 |
| C11 Performance analytics commentary    | 0.36163  | 0.28064  | 0.245179  | 0.391073 | 0.359252 | 0.3134    | 0.543019 | 0.340076 | 0.392921  | 0.064862  | 1        | 0.49879  | 0.320384 |
| C12 Misinformation injection            | 0.353597 | 0.315389 | 0.231968  | 0.369161 | 0.380071 | 0.212494  | 0.471376 | 0.437906 | 0.36435   | 0.103547  | 0.49879  | 1        | 0.396593 |
| C13 Edge-case / low-support prompts     | 0.198046 | 0.197096 | 0.136448  | 0.343254 | 0.412278 | 0.162108  | 0.227515 | 0.286628 | 0.225292  | 0.159401  | 0.320384 | 0.396593 | 1        |