# Inter-Features Correlation

| Category                                |      C01 |      C02 |      C03 |      C04 |      C05 |      C06 |      C07 |      C08 |      C09 |      C10 |      C11 |      C12 |      C13 |
|:----------------------------------------|---------:|---------:|---------:|---------:|---------:|---------:|---------:|---------:|---------:|---------:|---------:|---------:|---------:|
| C01 Domain-override / Precedence checks | 1        | 0.561779 | 0.413413 | 0.506135 | 0.417885 | 0.423703 | 0.478495 | 0.465027 | 0.472607 | 0.276583 | 0.569777 | 0.57321  | 0.519123 |
| C02 Event-log fact-extraction           | 0.561779 | 1        | 0.487678 | 0.679382 | 0.464026 | 0.606296 | 0.673912 | 0.598731 | 0.694776 | 0.368003 | 0.693131 | 0.777539 | 0.688781 |
| C03 Text to Model reconstruction        | 0.413413 | 0.487678 | 1        | 0.418903 | 0.412267 | 0.375267 | 0.461937 | 0.405206 | 0.504098 | 0.38773  | 0.463845 | 0.521287 | 0.443852 |
| C04 Compliance / Conformance reasoning  | 0.506135 | 0.679382 | 0.418903 | 1        | 0.612249 | 0.498143 | 0.581838 | 0.729102 | 0.552035 | 0.169118 | 0.650719 | 0.665098 | 0.519677 |
| C05 Counterfactual edits                | 0.417885 | 0.464026 | 0.412267 | 0.612249 | 1        | 0.389858 | 0.500387 | 0.527511 | 0.398451 | 0.251964 | 0.54062  | 0.515476 | 0.465952 |
| C06 Multi-process memory interference   | 0.423703 | 0.606296 | 0.375267 | 0.498143 | 0.389858 | 1        | 0.545865 | 0.497782 | 0.612769 | 0.280571 | 0.593268 | 0.609158 | 0.558039 |
| C07 Change-log diffing                  | 0.478495 | 0.673912 | 0.461937 | 0.581838 | 0.500387 | 0.545865 | 1        | 0.495457 | 0.689122 | 0.422853 | 0.7272   | 0.704949 | 0.586869 |
| C08 Temporal / concurrency reasoning    | 0.465027 | 0.598731 | 0.405206 | 0.729102 | 0.527511 | 0.497782 | 0.495457 | 1        | 0.532786 | 0.2717   | 0.587128 | 0.60576  | 0.481777 |
| C09 Unknown-should-remain-unknown       | 0.472607 | 0.694776 | 0.504098 | 0.552035 | 0.398451 | 0.612769 | 0.689122 | 0.532786 | 1        | 0.392565 | 0.671381 | 0.690151 | 0.636995 |
| C10 Domain-synonym enforcement          | 0.276583 | 0.368003 | 0.38773  | 0.169118 | 0.251964 | 0.280571 | 0.422853 | 0.2717   | 0.392565 | 1        | 0.341426 | 0.349448 | 0.401066 |
| C11 Performance analytics commentary    | 0.569777 | 0.693131 | 0.463845 | 0.650719 | 0.54062  | 0.593268 | 0.7272   | 0.587128 | 0.671381 | 0.341426 | 1        | 0.773824 | 0.612024 |
| C12 Misinformation injection            | 0.57321  | 0.777539 | 0.521287 | 0.665098 | 0.515476 | 0.609158 | 0.704949 | 0.60576  | 0.690151 | 0.349448 | 0.773824 | 1        | 0.667255 |
| C13 Edge-case / low-support prompts     | 0.519123 | 0.688781 | 0.443852 | 0.519677 | 0.465952 | 0.558039 | 0.586869 | 0.481777 | 0.636995 | 0.401066 | 0.612024 | 0.667255 | 1        |