# Inter-Features Correlation

| Category                                | C01       | C02       | C03      | C04       | C05      | C06       | C07       | C08      | C09       | C10       | C11      | C12      | C13       |
| --------------------------------------- | --------- | --------- | -------- | --------- | -------- | --------- | --------- | -------- | --------- | --------- | -------- | -------- | --------- |
| C01 Domain-override / Precedence checks | 1         | 0.299987  | 0.277676 | 0.323622  | 0.328912 | 0.126255  | 0.114023  | 0.272053 | 0.191809  | -0.024406 | 0.418129 | 0.351829 | 0.146296  |
| C02 Event-log fact-extraction           | 0.299987  | 1         | 0.132543 | 0.482005  | 0.349943 | -0.005468 | 0.18757   | 0.485502 | 0.539193  | 0.068058  | 0.313399 | 0.297685 | 0.400102  |
| C03 Text to Model reconstruction        | 0.277676  | 0.132543  | 1        | 0.139218  | 0.209382 | 0.089587  | 0.067586  | 0.139308 | 0.042873  | 0.096655  | 0.196826 | 0.108661 | 0.115499  |
| C04 Compliance / Conformance reasoning  | 0.323622  | 0.482005  | 0.139218 | 1         | 0.492802 | 0.280648  | 0.285097  | 0.69419  | 0.267753  | -0.035032 | 0.334095 | 0.340042 | 0.253579  |
| C05 Counterfactual edits                | 0.328912  | 0.349943  | 0.209382 | 0.492802  | 1        | 0.086346  | 0.177045  | 0.392716 | 0.174588  | 0.091909  | 0.339155 | 0.316463 | 0.292067  |
| C06 Multi-process memory interference   | 0.126255  | -0.005468 | 0.089587 | 0.280648  | 0.086346 | 1         | 0.114268  | 0.137157 | -0.071378 | 0.01478   | 0.241728 | 0.025625 | -0.021979 |
| C07 Change-log diffing                  | 0.114023  | 0.18757   | 0.067586 | 0.285097  | 0.177045 | 0.114268  | 1         | 0.109554 | 0.386617  | -0.010143 | 0.297748 | 0.228249 | 0.141477  |
| C08 Temporal / concurrency reasoning    | 0.272053  | 0.485502  | 0.139308 | 0.69419   | 0.392716 | 0.137157  | 0.109554  | 1        | 0.25339   | 0.065795  | 0.247519 | 0.26545  | 0.235547  |
| C09 Unknown-should-remain-unknown       | 0.191809  | 0.539193  | 0.042873 | 0.267753  | 0.174588 | -0.071378 | 0.386617  | 0.25339  | 1         | -0.054199 | 0.390879 | 0.510618 | 0.348631  |
| C10 Domain-synonym enforcement          | -0.024406 | 0.068058  | 0.096655 | -0.035032 | 0.091909 | 0.01478   | -0.010143 | 0.065795 | -0.054199 | 1         | -0.14281 | -0.14786 | 0.229161  |
| C11 Performance analytics commentary    | 0.418129  | 0.313399  | 0.196826 | 0.334095  | 0.339155 | 0.241728  | 0.297748  | 0.247519 | 0.390879  | -0.14281  | 1        | 0.389063 | 0.021755  |
| C12 Misinformation injection            | 0.351829  | 0.297685  | 0.108661 | 0.340042  | 0.316463 | 0.025625  | 0.228249  | 0.26545  | 0.510618  | -0.14786  | 0.389063 | 1        | 0.272383  |
| C13 Edge-case / low-support prompts     | 0.146296  | 0.400102  | 0.115499 | 0.253579  | 0.292067 | -0.021979 | 0.141477  | 0.235547 | 0.348631  | 0.229161  | 0.021755 | 0.272383 | 1         |