# Inter-Features Correlation

| Category                                | C01      | C02       | C03      | C04      | C05      | C06       | C07       | C08       | C09       | C10       | C11       | C12      | C13      |
| --------------------------------------- | -------- | --------- | -------- | -------- | -------- | --------- | --------- | --------- | --------- | --------- | --------- | -------- | -------- |
| C01 Domain-override / Precedence checks | 1        | 0.337406  | 0.197531 | 0.31246  | 0.333588 | 0.15709   | 0.443438  | 0.300318  | 0.213149  | 0.079279  | 0.367286  | 0.338415 | 0.211568 |
| C02 Event-log fact-extraction           | 0.337406 | 1         | 0.152061 | 0.483782 | 0.32017  | 0.290057  | 0.475542  | 0.553345  | 0.322435  | -0.002953 | 0.338568  | 0.347703 | 0.229967 |
| C03 Text to Model reconstruction        | 0.197531 | 0.152061  | 1        | 0.217704 | 0.112569 | 0.132753  | 0.213898  | 0.134355  | -0.02721  | 0.080047  | 0.170435  | 0.162938 | 0.110541 |
| C04 Compliance / Conformance reasoning  | 0.31246  | 0.483782  | 0.217704 | 1        | 0.56168  | 0.356484  | 0.476931  | 0.623724  | 0.246523  | 0.050277  | 0.442967  | 0.39911  | 0.365101 |
| C05 Counterfactual edits                | 0.333588 | 0.32017   | 0.112569 | 0.56168  | 1        | 0.251525  | 0.371352  | 0.406943  | 0.192358  | 0.094869  | 0.372849  | 0.400267 | 0.358405 |
| C06 Multi-process memory interference   | 0.15709  | 0.290057  | 0.132753 | 0.356484 | 0.251525 | 1         | 0.232977  | 0.320457  | 0.0847    | -0.048389 | 0.292884  | 0.197052 | 0.143821 |
| C07 Change-log diffing                  | 0.443438 | 0.475542  | 0.213898 | 0.476931 | 0.371352 | 0.232977  | 1         | 0.456697  | 0.326563  | -0.009647 | 0.562758  | 0.493743 | 0.241404 |
| C08 Temporal / concurrency reasoning    | 0.300318 | 0.553345  | 0.134355 | 0.623724 | 0.406943 | 0.320457  | 0.456697  | 1         | 0.300308  | -0.060146 | 0.360166  | 0.485407 | 0.319929 |
| C09 Unknown-should-remain-unknown       | 0.213149 | 0.322435  | -0.02721 | 0.246523 | 0.192358 | 0.0847    | 0.326563  | 0.300308  | 1         | -0.028711 | 0.375978  | 0.374025 | 0.238959 |
| C10 Domain-synonym enforcement          | 0.079279 | -0.002953 | 0.080047 | 0.050277 | 0.094869 | -0.048389 | -0.009647 | -0.060146 | -0.028711 | 1         | -0.017447 | 0.01434  | 0.095387 |
| C11 Performance analytics commentary    | 0.367286 | 0.338568  | 0.170435 | 0.442967 | 0.372849 | 0.292884  | 0.562758  | 0.360166  | 0.375978  | -0.017447 | 1         | 0.493644 | 0.342147 |
| C12 Misinformation injection            | 0.338415 | 0.347703  | 0.162938 | 0.39911  | 0.400267 | 0.197052  | 0.493743  | 0.485407  | 0.374025  | 0.01434   | 0.493644  | 1        | 0.40989  |
| C13 Edge-case / low-support prompts     | 0.211568 | 0.229967  | 0.110541 | 0.365101 | 0.358405 | 0.143821  | 0.241404  | 0.319929  | 0.238959  | 0.095387  | 0.342147  | 0.40989  | 1        |