# Inter-Features Correlation

| Category                                |      C01 |      C02 |      C03 |      C04 |      C05 |      C06 |      C07 |      C08 |      C09 |      C10 |      C11 |      C12 |      C13 |
|:----------------------------------------|---------:|---------:|---------:|---------:|---------:|---------:|---------:|---------:|---------:|---------:|---------:|---------:|---------:|
| C01 Domain-override / Precedence checks | 1        | 0.536702 | 0.463736 | 0.433975 | 0.429857 | 0.37458  | 0.451439 | 0.308972 | 0.377126 | 0.253951 | 0.442177 | 0.423281 | 0.49652  |
| C02 Event-log fact-extraction           | 0.536702 | 1        | 0.435207 | 0.548066 | 0.362108 | 0.430553 | 0.559492 | 0.464453 | 0.29521  | 0.410943 | 0.296429 | 0.574976 | 0.686112 |
| C03 Text to Model reconstruction        | 0.463736 | 0.435207 | 1        | 0.467404 | 0.519376 | 0.340899 | 0.460753 | 0.481194 | 0.368595 | 0.530258 | 0.424787 | 0.457881 | 0.490785 |
| C04 Compliance / Conformance reasoning  | 0.433975 | 0.548066 | 0.467404 | 1        | 0.554949 | 0.29235  | 0.519385 | 0.579664 | 0.40294  | 0.402157 | 0.436579 | 0.612458 | 0.581896 |
| C05 Counterfactual edits                | 0.429857 | 0.362108 | 0.519376 | 0.554949 | 1        | 0.344936 | 0.480254 | 0.510884 | 0.294267 | 0.526898 | 0.443416 | 0.439071 | 0.40634  |
| C06 Multi-process memory interference   | 0.37458  | 0.430553 | 0.340899 | 0.29235  | 0.344936 | 1        | 0.268399 | 0.291331 | 0.297302 | 0.25581  | 0.510139 | 0.402064 | 0.318641 |
| C07 Change-log diffing                  | 0.451439 | 0.559492 | 0.460753 | 0.519385 | 0.480254 | 0.268399 | 1        | 0.569607 | 0.263074 | 0.473931 | 0.457195 | 0.539519 | 0.552509 |
| C08 Temporal / concurrency reasoning    | 0.308972 | 0.464453 | 0.481194 | 0.579664 | 0.510884 | 0.291331 | 0.569607 | 1        | 0.328692 | 0.503885 | 0.32364  | 0.562704 | 0.391124 |
| C09 Unknown-should-remain-unknown       | 0.377126 | 0.29521  | 0.368595 | 0.40294  | 0.294267 | 0.297302 | 0.263074 | 0.328692 | 1        | 0.391572 | 0.312875 | 0.595562 | 0.472722 |
| C10 Domain-synonym enforcement          | 0.253951 | 0.410943 | 0.530258 | 0.402157 | 0.526898 | 0.25581  | 0.473931 | 0.503885 | 0.391572 | 1        | 0.341026 | 0.474185 | 0.451081 |
| C11 Performance analytics commentary    | 0.442177 | 0.296429 | 0.424787 | 0.436579 | 0.443416 | 0.510139 | 0.457195 | 0.32364  | 0.312875 | 0.341026 | 1        | 0.359557 | 0.346051 |
| C12 Misinformation injection            | 0.423281 | 0.574976 | 0.457881 | 0.612458 | 0.439071 | 0.402064 | 0.539519 | 0.562704 | 0.595562 | 0.474185 | 0.359557 | 1        | 0.699336 |
| C13 Edge-case / low-support prompts     | 0.49652  | 0.686112 | 0.490785 | 0.581896 | 0.40634  | 0.318641 | 0.552509 | 0.391124 | 0.472722 | 0.451081 | 0.346051 | 0.699336 | 1        |