# Inter-Features Correlation

| Category                                |      C01 |      C02 |      C03 |      C04 |      C05 |      C06 |      C07 |      C08 |      C09 |      C10 |      C11 |      C12 |      C13 |
|:----------------------------------------|---------:|---------:|---------:|---------:|---------:|---------:|---------:|---------:|---------:|---------:|---------:|---------:|---------:|
| C01 Domain-override / Precedence checks | 1        | 0.557769 | 0.407837 | 0.507696 | 0.444937 | 0.392657 | 0.477866 | 0.460477 | 0.465804 | 0.249141 | 0.57259  | 0.571238 | 0.529185 |
| C02 Event-log fact-extraction           | 0.557769 | 1        | 0.477836 | 0.681037 | 0.469091 | 0.597493 | 0.676585 | 0.600633 | 0.696281 | 0.355273 | 0.690852 | 0.778934 | 0.690129 |
| C03 Text to Model reconstruction        | 0.407837 | 0.477836 | 1        | 0.402458 | 0.41433  | 0.374109 | 0.452933 | 0.397989 | 0.490239 | 0.35873  | 0.457093 | 0.508899 | 0.430473 |
| C04 Compliance / Conformance reasoning  | 0.507696 | 0.681037 | 0.402458 | 1        | 0.621009 | 0.479295 | 0.591158 | 0.733972 | 0.551369 | 0.150951 | 0.66133  | 0.672792 | 0.529879 |
| C05 Counterfactual edits                | 0.444937 | 0.469091 | 0.41433  | 0.621009 | 1        | 0.371519 | 0.505175 | 0.54281  | 0.400456 | 0.212242 | 0.561443 | 0.525677 | 0.465535 |
| C06 Multi-process memory interference   | 0.392657 | 0.597493 | 0.374109 | 0.479295 | 0.371519 | 1        | 0.545719 | 0.48224  | 0.610706 | 0.260947 | 0.582135 | 0.597054 | 0.543503 |
| C07 Change-log diffing                  | 0.477866 | 0.676585 | 0.452933 | 0.591158 | 0.505175 | 0.545719 | 1        | 0.499375 | 0.692085 | 0.39543  | 0.735251 | 0.709156 | 0.592566 |
| C08 Temporal / concurrency reasoning    | 0.460477 | 0.600633 | 0.397989 | 0.733972 | 0.54281  | 0.48224  | 0.499375 | 1        | 0.528857 | 0.246794 | 0.593821 | 0.610993 | 0.481825 |
| C09 Unknown-should-remain-unknown       | 0.465804 | 0.696281 | 0.490239 | 0.551369 | 0.400456 | 0.610706 | 0.692085 | 0.528857 | 1        | 0.376381 | 0.667965 | 0.690661 | 0.634733 |
| C10 Domain-synonym enforcement          | 0.249141 | 0.355273 | 0.35873  | 0.150951 | 0.212242 | 0.260947 | 0.39543  | 0.246794 | 0.376381 | 1        | 0.297538 | 0.326382 | 0.384982 |
| C11 Performance analytics commentary    | 0.57259  | 0.690852 | 0.457093 | 0.66133  | 0.561443 | 0.582135 | 0.735251 | 0.593821 | 0.667965 | 0.297538 | 1        | 0.774215 | 0.614239 |
| C12 Misinformation injection            | 0.571238 | 0.778934 | 0.508899 | 0.672792 | 0.525677 | 0.597054 | 0.709156 | 0.610993 | 0.690661 | 0.326382 | 0.774215 | 1        | 0.668566 |
| C13 Edge-case / low-support prompts     | 0.529185 | 0.690129 | 0.430473 | 0.529879 | 0.465535 | 0.543503 | 0.592566 | 0.481825 | 0.634733 | 0.384982 | 0.614239 | 0.668566 | 1        |