# Inter-Features Correlation

| Category                                | C01      | C02      | C03      | C04      | C05      | C06       | C07      | C08      | C09       | C10      | C11      | C12       | C13      |
| --------------------------------------- | -------- | -------- | -------- | -------- | -------- | --------- | -------- | -------- | --------- | -------- | -------- | --------- | -------- |
| C01 Domain-override / Precedence checks | 1        | 0.21609  | 0.336314 | 0.269393 | 0.287384 | 0.124776  | 0.388625 | 0.114732 | 0.141552  | 0.116539 | 0.283409 | 0.188923  | 0.198692 |
| C02 Event-log fact-extraction           | 0.21609  | 1        | 0.337306 | 0.56913  | 0.323888 | 0.20759   | 0.400572 | 0.569472 | 0.554645  | 0.146749 | 0.146202 | 0.221034  | 0.203026 |
| C03 Text to Model reconstruction        | 0.336314 | 0.337306 | 1        | 0.171301 | 0.185029 | 0.228315  | 0.149934 | 0.210677 | 0.167623  | 0.231825 | 0.217456 | 0.090674  | 0.136363 |
| C04 Compliance / Conformance reasoning  | 0.269393 | 0.56913  | 0.171301 | 1        | 0.494934 | 0.309645  | 0.411127 | 0.646817 | 0.239888  | 0.181418 | 0.292433 | 0.236442  | 0.040582 |
| C05 Counterfactual edits                | 0.287384 | 0.323888 | 0.185029 | 0.494934 | 1        | 0.112559  | 0.236106 | 0.358653 | 0.147547  | 0.161722 | 0.123761 | 0.247592  | 0.280004 |
| C06 Multi-process memory interference   | 0.124776 | 0.20759  | 0.228315 | 0.309645 | 0.112559 | 1         | 0.200125 | 0.238517 | -0.051835 | 0.091961 | 0.05708  | -0.057094 | 0.017266 |
| C07 Change-log diffing                  | 0.388625 | 0.400572 | 0.149934 | 0.411127 | 0.236106 | 0.200125  | 1        | 0.282888 | 0.301255  | 0.234836 | 0.295757 | 0.180323  | 0.08178  |
| C08 Temporal / concurrency reasoning    | 0.114732 | 0.569472 | 0.210677 | 0.646817 | 0.358653 | 0.238517  | 0.282888 | 1        | 0.194862  | 0.107424 | 0.12815  | 0.160328  | 0.029061 |
| C09 Unknown-should-remain-unknown       | 0.141552 | 0.554645 | 0.167623 | 0.239888 | 0.147547 | -0.051835 | 0.301255 | 0.194862 | 1         | 0.067409 | 0.079324 | 0.497237  | 0.171294 |
| C10 Domain-synonym enforcement          | 0.116539 | 0.146749 | 0.231825 | 0.181418 | 0.161722 | 0.091961  | 0.234836 | 0.107424 | 0.067409  | 1        | 0.004042 | 0.152751  | 0.000203 |
| C11 Performance analytics commentary    | 0.283409 | 0.146202 | 0.217456 | 0.292433 | 0.123761 | 0.05708   | 0.295757 | 0.12815  | 0.079324  | 0.004042 | 1        | 0.184756  | 0.034946 |
| C12 Misinformation injection            | 0.188923 | 0.221034 | 0.090674 | 0.236442 | 0.247592 | -0.057094 | 0.180323 | 0.160328 | 0.497237  | 0.152751 | 0.184756 | 1         | 0.219198 |
| C13 Edge-case / low-support prompts     | 0.198692 | 0.203026 | 0.136363 | 0.040582 | 0.280004 | 0.017266  | 0.08178  | 0.029061 | 0.171294  | 0.000203 | 0.034946 | 0.219198  | 1        |