# Inter-Features Correlation

| Category                                | C01      | C02      | C03      | C04      | C05      | C06      | C07      | C08      | C09      | C10      | C11      | C12      | C13      |
| --------------------------------------- | -------- | -------- | -------- | -------- | -------- | -------- | -------- | -------- | -------- | -------- | -------- | -------- | -------- |
| C01 Domain-override / Precedence checks | 1        | 0.562464 | 0.431508 | 0.528697 | 0.459488 | 0.416597 | 0.478974 | 0.46493  | 0.471617 | 0.171503 | 0.560807 | 0.574889 | 0.474239 |
| C02 Event-log fact-extraction           | 0.562464 | 1        | 0.479793 | 0.690205 | 0.485267 | 0.63391  | 0.686457 | 0.622003 | 0.722425 | 0.291963 | 0.712654 | 0.800753 | 0.672939 |
| C03 Text to Model reconstruction        | 0.431508 | 0.479793 | 1        | 0.424087 | 0.417889 | 0.390195 | 0.438754 | 0.400494 | 0.449857 | 0.239424 | 0.467134 | 0.507478 | 0.402301 |
| C04 Compliance / Conformance reasoning  | 0.528697 | 0.690205 | 0.424087 | 1        | 0.614128 | 0.526922 | 0.605181 | 0.747048 | 0.547788 | 0.106514 | 0.653024 | 0.677481 | 0.524779 |
| C05 Counterfactual edits                | 0.459488 | 0.485267 | 0.417889 | 0.614128 | 1        | 0.377379 | 0.486267 | 0.536792 | 0.40013  | 0.159565 | 0.529187 | 0.535113 | 0.462613 |
| C06 Multi-process memory interference   | 0.416597 | 0.63391  | 0.390195 | 0.526922 | 0.377379 | 1        | 0.585516 | 0.515292 | 0.610625 | 0.211912 | 0.625467 | 0.631965 | 0.527395 |
| C07 Change-log diffing                  | 0.478974 | 0.686457 | 0.438754 | 0.605181 | 0.486267 | 0.585516 | 1        | 0.513114 | 0.664956 | 0.324313 | 0.718721 | 0.705241 | 0.569581 |
| C08 Temporal / concurrency reasoning    | 0.46493  | 0.622003 | 0.400494 | 0.747048 | 0.536792 | 0.515292 | 0.513114 | 1        | 0.537118 | 0.190591 | 0.589886 | 0.620653 | 0.47273  |
| C09 Unknown-should-remain-unknown       | 0.471617 | 0.722425 | 0.449857 | 0.547788 | 0.40013  | 0.610625 | 0.664956 | 0.537118 | 1        | 0.292645 | 0.677893 | 0.711507 | 0.626871 |
| C10 Domain-synonym enforcement          | 0.171503 | 0.291963 | 0.239424 | 0.106514 | 0.159565 | 0.211912 | 0.324313 | 0.190591 | 0.292645 | 1        | 0.218924 | 0.236834 | 0.302588 |
| C11 Performance analytics commentary    | 0.560807 | 0.712654 | 0.467134 | 0.653024 | 0.529187 | 0.625467 | 0.718721 | 0.589886 | 0.677893 | 0.218924 | 1        | 0.785186 | 0.575965 |
| C12 Misinformation injection            | 0.574889 | 0.800753 | 0.507478 | 0.677481 | 0.535113 | 0.631965 | 0.705241 | 0.620653 | 0.711507 | 0.236834 | 0.785186 | 1        | 0.655706 |
| C13 Edge-case / low-support prompts     | 0.474239 | 0.672939 | 0.402301 | 0.524779 | 0.462613 | 0.527395 | 0.569581 | 0.47273  | 0.626871 | 0.302588 | 0.575965 | 0.655706 | 1        |