# Inter-Features Correlation

| Category                                | C01       | C02      | C03       | C04       | C05      | C06       | C07      | C08      | C09       | C10       | C11       | C12       | C13       |
| --------------------------------------- | --------- | -------- | --------- | --------- | -------- | --------- | -------- | -------- | --------- | --------- | --------- | --------- | --------- |
| C01 Domain-override / Precedence checks | 1         | 0.289076 | 0.228205  | 0.252238  | 0.276215 | 0.128601  | 0.136144 | 0.205744 | 0.16616   | -0.040221 | 0.379469  | 0.276666  | 0.155614  |
| C02 Event-log fact-extraction           | 0.289076  | 1        | 0.092555  | 0.496837  | 0.374641 | 0.067278  | 0.212424 | 0.489408 | 0.487352  | 0.018437  | 0.253877  | 0.269749  | 0.348641  |
| C03 Text to Model reconstruction        | 0.228205  | 0.092555 | 1         | 0.144682  | 0.219148 | -0.021568 | 0.173543 | 0.112459 | 0.061128  | 0.034517  | 0.140714  | 0.111792  | 0.143498  |
| C04 Compliance / Conformance reasoning  | 0.252238  | 0.496837 | 0.144682  | 1         | 0.466245 | 0.192868  | 0.305479 | 0.637721 | 0.224969  | -0.087853 | 0.289101  | 0.35161   | 0.229159  |
| C05 Counterfactual edits                | 0.276215  | 0.374641 | 0.219148  | 0.466245  | 1        | 0.077594  | 0.250519 | 0.402242 | 0.168922  | 0.070252  | 0.327161  | 0.337784  | 0.286572  |
| C06 Multi-process memory interference   | 0.128601  | 0.067278 | -0.021568 | 0.192868  | 0.077594 | 1         | 0.057633 | 0.16314  | -0.074705 | 0.009442  | 0.169723  | 0.002403  | -0.028896 |
| C07 Change-log diffing                  | 0.136144  | 0.212424 | 0.173543  | 0.305479  | 0.250519 | 0.057633  | 1        | 0.175522 | 0.367444  | 0.022845  | 0.270286  | 0.319171  | 0.161747  |
| C08 Temporal / concurrency reasoning    | 0.205744  | 0.489408 | 0.112459  | 0.637721  | 0.402242 | 0.16314   | 0.175522 | 1        | 0.259236  | 0.075828  | 0.207686  | 0.278764  | 0.212265  |
| C09 Unknown-should-remain-unknown       | 0.16616   | 0.487352 | 0.061128  | 0.224969  | 0.168922 | -0.074705 | 0.367444 | 0.259236 | 1         | -0.046164 | 0.388253  | 0.481996  | 0.303207  |
| C10 Domain-synonym enforcement          | -0.040221 | 0.018437 | 0.034517  | -0.087853 | 0.070252 | 0.009442  | 0.022845 | 0.075828 | -0.046164 | 1         | -0.104219 | -0.075595 | 0.187033  |
| C11 Performance analytics commentary    | 0.379469  | 0.253877 | 0.140714  | 0.289101  | 0.327161 | 0.169723  | 0.270286 | 0.207686 | 0.388253  | -0.104219 | 1         | 0.442713  | 0.025944  |
| C12 Misinformation injection            | 0.276666  | 0.269749 | 0.111792  | 0.35161   | 0.337784 | 0.002403  | 0.319171 | 0.278764 | 0.481996  | -0.075595 | 0.442713  | 1         | 0.250005  |
| C13 Edge-case / low-support prompts     | 0.155614  | 0.348641 | 0.143498  | 0.229159  | 0.286572 | -0.028896 | 0.161747 | 0.212265 | 0.303207  | 0.187033  | 0.025944  | 0.250005  | 1         |