# Inter-Features Correlation

| Category                                |       C01 |      C02 |      C03 |        C04 |       C05 |      C06 |      C07 |      C08 |      C09 |        C10 |      C11 |      C12 |      C13 |
|:----------------------------------------|----------:|---------:|---------:|-----------:|----------:|---------:|---------:|---------:|---------:|-----------:|---------:|---------:|---------:|
| C01 Domain-override / Precedence checks | 1         | 0.301175 | 0.307839 |  0.401824  | 0.291286  | 0.304814 | 0.27618  | 0.417677 | 0.28828  |  0.0878598 | 0.391027 | 0.358254 | 0.414546 |
| C02 Event-log fact-extraction           | 0.301175  | 1        | 0.363087 |  0.529353  | 0.308395  | 0.434357 | 0.446994 | 0.455357 | 0.55756  |  0.115894  | 0.443861 | 0.576769 | 0.58858  |
| C03 Text to Model reconstruction        | 0.307839  | 0.363087 | 1        |  0.326604  | 0.307178  | 0.428757 | 0.303238 | 0.283459 | 0.417512 |  0.308597  | 0.33477  | 0.425226 | 0.387996 |
| C04 Compliance / Conformance reasoning  | 0.401824  | 0.529353 | 0.326604 |  1         | 0.59208   | 0.403842 | 0.378107 | 0.662419 | 0.388941 | -0.0232308 | 0.495484 | 0.58153  | 0.434383 |
| C05 Counterfactual edits                | 0.291286  | 0.308395 | 0.307178 |  0.59208   | 1         | 0.398886 | 0.383791 | 0.45208  | 0.356308 |  0.0927697 | 0.469063 | 0.457232 | 0.4189   |
| C06 Multi-process memory interference   | 0.304814  | 0.434357 | 0.428757 |  0.403842  | 0.398886  | 1        | 0.525386 | 0.461254 | 0.521112 |  0.307358  | 0.596866 | 0.506847 | 0.434792 |
| C07 Change-log diffing                  | 0.27618   | 0.446994 | 0.303238 |  0.378107  | 0.383791  | 0.525386 | 1        | 0.36015  | 0.532721 |  0.262977  | 0.519439 | 0.43276  | 0.454508 |
| C08 Temporal / concurrency reasoning    | 0.417677  | 0.455357 | 0.283459 |  0.662419  | 0.45208   | 0.461254 | 0.36015  | 1        | 0.396366 |  0.242365  | 0.489628 | 0.596485 | 0.470228 |
| C09 Unknown-should-remain-unknown       | 0.28828   | 0.55756  | 0.417512 |  0.388941  | 0.356308  | 0.521112 | 0.532721 | 0.396366 | 1        |  0.209744  | 0.533286 | 0.576733 | 0.532057 |
| C10 Domain-synonym enforcement          | 0.0878598 | 0.115894 | 0.308597 | -0.0232308 | 0.0927697 | 0.307358 | 0.262977 | 0.242365 | 0.209744 |  1         | 0.1727   | 0.206552 | 0.290585 |
| C11 Performance analytics commentary    | 0.391027  | 0.443861 | 0.33477  |  0.495484  | 0.469063  | 0.596866 | 0.519439 | 0.489628 | 0.533286 |  0.1727    | 1        | 0.527669 | 0.477756 |
| C12 Misinformation injection            | 0.358254  | 0.576769 | 0.425226 |  0.58153   | 0.457232  | 0.506847 | 0.43276  | 0.596485 | 0.576733 |  0.206552  | 0.527669 | 1        | 0.609901 |
| C13 Edge-case / low-support prompts     | 0.414546  | 0.58858  | 0.387996 |  0.434383  | 0.4189    | 0.434792 | 0.454508 | 0.470228 | 0.532057 |  0.290585  | 0.477756 | 0.609901 | 1        |