# Inter-Features Correlation

| Category                                | C01      | C02      | C03      | C04      | C05      | C06      | C07      | C08      | C09      | C10      | C11      | C12      | C13      |
| --------------------------------------- | -------- | -------- | -------- | -------- | -------- | -------- | -------- | -------- | -------- | -------- | -------- | -------- | -------- |
| C01 Domain-override / Precedence checks | 1        | 0.579567 | 0.451095 | 0.544897 | 0.472096 | 0.439196 | 0.512899 | 0.480002 | 0.515182 | 0.190725 | 0.620113 | 0.600605 | 0.522598 |
| C02 Event-log fact-extraction           | 0.579567 | 1        | 0.496575 | 0.696843 | 0.493234 | 0.63186  | 0.690058 | 0.617604 | 0.702302 | 0.311661 | 0.701352 | 0.798928 | 0.670903 |
| C03 Text to Model reconstruction        | 0.451095 | 0.496575 | 1        | 0.42029  | 0.421468 | 0.392041 | 0.461883 | 0.400877 | 0.482097 | 0.286315 | 0.484657 | 0.523252 | 0.419081 |
| C04 Compliance / Conformance reasoning  | 0.544897 | 0.696843 | 0.42029  | 1        | 0.625835 | 0.522313 | 0.60925  | 0.746626 | 0.569428 | 0.134206 | 0.659819 | 0.681591 | 0.545973 |
| C05 Counterfactual edits                | 0.472096 | 0.493234 | 0.421468 | 0.625835 | 1        | 0.387618 | 0.504964 | 0.548085 | 0.421568 | 0.151666 | 0.559841 | 0.5505   | 0.479911 |
| C06 Multi-process memory interference   | 0.439196 | 0.63186  | 0.392041 | 0.522313 | 0.387618 | 1        | 0.584766 | 0.511389 | 0.622703 | 0.232431 | 0.622147 | 0.634891 | 0.5334   |
| C07 Change-log diffing                  | 0.512899 | 0.690058 | 0.461883 | 0.60925  | 0.504964 | 0.584766 | 1        | 0.512497 | 0.71184  | 0.345766 | 0.745462 | 0.718867 | 0.591407 |
| C08 Temporal / concurrency reasoning    | 0.480002 | 0.617604 | 0.400877 | 0.746626 | 0.548085 | 0.511389 | 0.512497 | 1        | 0.534698 | 0.20992  | 0.579689 | 0.615281 | 0.479655 |
| C09 Unknown-should-remain-unknown       | 0.515182 | 0.702302 | 0.482097 | 0.569428 | 0.421568 | 0.622703 | 0.71184  | 0.534698 | 1        | 0.323835 | 0.705453 | 0.70772  | 0.632737 |
| C10 Domain-synonym enforcement          | 0.190725 | 0.311661 | 0.286315 | 0.134206 | 0.151666 | 0.232431 | 0.345766 | 0.20992  | 0.323835 | 1        | 0.251923 | 0.267582 | 0.341739 |
| C11 Performance analytics commentary    | 0.620113 | 0.701352 | 0.484657 | 0.659819 | 0.559841 | 0.622147 | 0.745462 | 0.579689 | 0.705453 | 0.251923 | 1        | 0.784571 | 0.601731 |
| C12 Misinformation injection            | 0.600605 | 0.798928 | 0.523252 | 0.681591 | 0.5505   | 0.634891 | 0.718867 | 0.615281 | 0.70772  | 0.267582 | 0.784571 | 1        | 0.658799 |
| C13 Edge-case / low-support prompts     | 0.522598 | 0.670903 | 0.419081 | 0.545973 | 0.479911 | 0.5334   | 0.591407 | 0.479655 | 0.632737 | 0.341739 | 0.601731 | 0.658799 | 1        |