# Inter-Features Correlation

| Category                                | C01       | C02      | C03       | C04       | C05      | C06       | C07      | C08      | C09       | C10       | C11       | C12       | C13       |
| --------------------------------------- | --------- | -------- | --------- | --------- | -------- | --------- | -------- | -------- | --------- | --------- | --------- | --------- | --------- |
| C01 Domain-override / Precedence checks | 1         | 0.299303 | 0.2203    | 0.252898  | 0.260273 | 0.137188  | 0.141411 | 0.212533 | 0.176563  | -0.060401 | 0.396249  | 0.282935  | 0.164369  |
| C02 Event-log fact-extraction           | 0.299303  | 1        | 0.094118  | 0.493359  | 0.378788 | 0.06612   | 0.207885 | 0.491398 | 0.490912  | 0.019467  | 0.249459  | 0.277917  | 0.346061  |
| C03 Text to Model reconstruction        | 0.2203    | 0.094118 | 1         | 0.143705  | 0.213459 | -0.019632 | 0.174929 | 0.113655 | 0.063697  | 0.028367  | 0.144103  | 0.112537  | 0.145764  |
| C04 Compliance / Conformance reasoning  | 0.252898  | 0.493359 | 0.143705  | 1         | 0.466262 | 0.193727  | 0.30225  | 0.640982 | 0.228676  | -0.092119 | 0.287026  | 0.360169  | 0.227261  |
| C05 Counterfactual edits                | 0.260273  | 0.378788 | 0.213459  | 0.466262  | 1        | 0.081622  | 0.252757 | 0.406966 | 0.175043  | 0.05924   | 0.334117  | 0.343001  | 0.291328  |
| C06 Multi-process memory interference   | 0.137188  | 0.06612  | -0.019632 | 0.193727  | 0.081622 | 1         | 0.056766 | 0.162794 | -0.075749 | 0.012437  | 0.168316  | 0.003057  | -0.030288 |
| C07 Change-log diffing                  | 0.141411  | 0.207885 | 0.174929  | 0.30225   | 0.252757 | 0.056766  | 1        | 0.175707 | 0.369077  | 0.023646  | 0.267399  | 0.324703  | 0.159222  |
| C08 Temporal / concurrency reasoning    | 0.212533  | 0.491398 | 0.113655  | 0.640982  | 0.406966 | 0.162794  | 0.175707 | 1        | 0.258944  | 0.07763   | 0.207634  | 0.279416  | 0.212171  |
| C09 Unknown-should-remain-unknown       | 0.176563  | 0.490912 | 0.063697  | 0.228676  | 0.175043 | -0.075749 | 0.369077 | 0.258944 | 1         | -0.042711 | 0.389055  | 0.482258  | 0.303615  |
| C10 Domain-synonym enforcement          | -0.060401 | 0.019467 | 0.028367  | -0.092119 | 0.05924  | 0.012437  | 0.023646 | 0.07763  | -0.042711 | 1         | -0.101275 | -0.075339 | 0.190583  |
| C11 Performance analytics commentary    | 0.396249  | 0.249459 | 0.144103  | 0.287026  | 0.334117 | 0.168316  | 0.267399 | 0.207634 | 0.389055  | -0.101275 | 1         | 0.448888  | 0.022199  |
| C12 Misinformation injection            | 0.282935  | 0.277917 | 0.112537  | 0.360169  | 0.343001 | 0.003057  | 0.324703 | 0.279416 | 0.482258  | -0.075339 | 0.448888  | 1         | 0.253923  |
| C13 Edge-case / low-support prompts     | 0.164369  | 0.346061 | 0.145764  | 0.227261  | 0.291328 | -0.030288 | 0.159222 | 0.212171 | 0.303615  | 0.190583  | 0.022199  | 0.253923  | 1         |