# Inter-Features Correlation

| Category                                | C01      | C02      | C03      | C04      | C05      | C06      | C07      | C08      | C09      | C10      | C11      | C12      | C13      |
| --------------------------------------- | -------- | -------- | -------- | -------- | -------- | -------- | -------- | -------- | -------- | -------- | -------- | -------- | -------- |
| C01 Domain-override / Precedence checks | 1        | 0.575236 | 0.43827  | 0.534936 | 0.461494 | 0.431554 | 0.502832 | 0.473428 | 0.501212 | 0.189651 | 0.605425 | 0.590522 | 0.515535 |
| C02 Event-log fact-extraction           | 0.575236 | 1        | 0.494401 | 0.699408 | 0.494697 | 0.633424 | 0.698392 | 0.622626 | 0.71205  | 0.308724 | 0.713961 | 0.80004  | 0.666597 |
| C03 Text to Model reconstruction        | 0.43827  | 0.494401 | 1        | 0.417068 | 0.42162  | 0.391351 | 0.463132 | 0.403424 | 0.479898 | 0.280853 | 0.482926 | 0.522202 | 0.408605 |
| C04 Compliance / Conformance reasoning  | 0.534936 | 0.699408 | 0.417068 | 1        | 0.622167 | 0.520403 | 0.612503 | 0.746485 | 0.571064 | 0.129633 | 0.667404 | 0.681586 | 0.53728  |
| C05 Counterfactual edits                | 0.461494 | 0.494697 | 0.42162  | 0.622167 | 1        | 0.38535  | 0.502583 | 0.548548 | 0.416891 | 0.143337 | 0.565065 | 0.550085 | 0.47204  |
| C06 Multi-process memory interference   | 0.431554 | 0.633424 | 0.391351 | 0.520403 | 0.38535  | 1        | 0.58302  | 0.512331 | 0.626948 | 0.225902 | 0.626241 | 0.632909 | 0.52594  |
| C07 Change-log diffing                  | 0.502832 | 0.698392 | 0.463132 | 0.612503 | 0.502583 | 0.58302  | 1        | 0.518563 | 0.705459 | 0.341732 | 0.742808 | 0.719146 | 0.581858 |
| C08 Temporal / concurrency reasoning    | 0.473428 | 0.622626 | 0.403424 | 0.746485 | 0.548548 | 0.512331 | 0.518563 | 1        | 0.542371 | 0.204956 | 0.596058 | 0.618837 | 0.476461 |
| C09 Unknown-should-remain-unknown       | 0.501212 | 0.71205  | 0.479898 | 0.571064 | 0.416891 | 0.626948 | 0.705459 | 0.542371 | 1        | 0.323526 | 0.697289 | 0.711159 | 0.625121 |
| C10 Domain-synonym enforcement          | 0.189651 | 0.308724 | 0.280853 | 0.129633 | 0.143337 | 0.225902 | 0.341732 | 0.204956 | 0.323526 | 1        | 0.241624 | 0.261029 | 0.339713 |
| C11 Performance analytics commentary    | 0.605425 | 0.713961 | 0.482926 | 0.667404 | 0.565065 | 0.626241 | 0.742808 | 0.596058 | 0.697289 | 0.241624 | 1        | 0.792435 | 0.589974 |
| C12 Misinformation injection            | 0.590522 | 0.80004  | 0.522202 | 0.681586 | 0.550085 | 0.632909 | 0.719146 | 0.618837 | 0.711159 | 0.261029 | 0.792435 | 1        | 0.648407 |
| C13 Edge-case / low-support prompts     | 0.515535 | 0.666597 | 0.408605 | 0.53728  | 0.47204  | 0.52594  | 0.581858 | 0.476461 | 0.625121 | 0.339713 | 0.589974 | 0.648407 | 1        |