# Inter-Features Correlation

| Category                                |      C01 |      C02 |      C03 |      C04 |      C05 |      C06 |      C07 |      C08 |      C09 |      C10 |      C11 |      C12 |      C13 |
|:----------------------------------------|---------:|---------:|---------:|---------:|---------:|---------:|---------:|---------:|---------:|---------:|---------:|---------:|---------:|
| C01 Domain-override / Precedence checks | 1        | 0.591954 | 0.510439 | 0.475981 | 0.444988 | 0.424788 | 0.473929 | 0.397168 | 0.357144 | 0.287326 | 0.415515 | 0.453091 | 0.585293 |
| C02 Event-log fact-extraction           | 0.591954 | 1        | 0.431109 | 0.575795 | 0.324872 | 0.423208 | 0.603521 | 0.544495 | 0.282865 | 0.405535 | 0.29935  | 0.573561 | 0.752927 |
| C03 Text to Model reconstruction        | 0.510439 | 0.431109 | 1        | 0.486118 | 0.473648 | 0.318001 | 0.459907 | 0.463847 | 0.405935 | 0.480556 | 0.439262 | 0.503477 | 0.581093 |
| C04 Compliance / Conformance reasoning  | 0.475981 | 0.575795 | 0.486118 | 1        | 0.445326 | 0.290563 | 0.539207 | 0.637354 | 0.374774 | 0.343655 | 0.365473 | 0.615349 | 0.626172 |
| C05 Counterfactual edits                | 0.444988 | 0.324872 | 0.473648 | 0.445326 | 1        | 0.292492 | 0.513219 | 0.512785 | 0.290232 | 0.343569 | 0.353207 | 0.458361 | 0.460196 |
| C06 Multi-process memory interference   | 0.424788 | 0.423208 | 0.318001 | 0.290563 | 0.292492 | 1        | 0.458119 | 0.306555 | 0.444148 | 0.22004  | 0.597681 | 0.386373 | 0.469214 |
| C07 Change-log diffing                  | 0.473929 | 0.603521 | 0.459907 | 0.539207 | 0.513219 | 0.458119 | 1        | 0.612309 | 0.266803 | 0.475174 | 0.448679 | 0.556898 | 0.606555 |
| C08 Temporal / concurrency reasoning    | 0.397168 | 0.544495 | 0.463847 | 0.637354 | 0.512785 | 0.306555 | 0.612309 | 1        | 0.368087 | 0.496657 | 0.273551 | 0.621038 | 0.523628 |
| C09 Unknown-should-remain-unknown       | 0.357144 | 0.282865 | 0.405935 | 0.374774 | 0.290232 | 0.444148 | 0.266803 | 0.368087 | 1        | 0.393014 | 0.334964 | 0.62343  | 0.47823  |
| C10 Domain-synonym enforcement          | 0.287326 | 0.405535 | 0.480556 | 0.343655 | 0.343569 | 0.22004  | 0.475174 | 0.496657 | 0.393014 | 1        | 0.32893  | 0.531126 | 0.499867 |
| C11 Performance analytics commentary    | 0.415515 | 0.29935  | 0.439262 | 0.365473 | 0.353207 | 0.597681 | 0.448679 | 0.273551 | 0.334964 | 0.32893  | 1        | 0.396812 | 0.357571 |
| C12 Misinformation injection            | 0.453091 | 0.573561 | 0.503477 | 0.615349 | 0.458361 | 0.386373 | 0.556898 | 0.621038 | 0.62343  | 0.531126 | 0.396812 | 1        | 0.726659 |
| C13 Edge-case / low-support prompts     | 0.585293 | 0.752927 | 0.581093 | 0.626172 | 0.460196 | 0.469214 | 0.606555 | 0.523628 | 0.47823  | 0.499867 | 0.357571 | 0.726659 | 1        |