# Inter-Features Correlation

| Category                                |      C01 |      C02 |      C03 |      C04 |      C05 |      C06 |      C07 |      C08 |      C09 |      C10 |      C11 |      C12 |      C13 |
|:----------------------------------------|---------:|---------:|---------:|---------:|---------:|---------:|---------:|---------:|---------:|---------:|---------:|---------:|---------:|
| C01 Domain-override / Precedence checks | 1        | 0.665496 | 0.575773 | 0.600273 | 0.43507  | 0.379731 | 0.490884 | 0.450551 | 0.431147 | 0.255283 | 0.402631 | 0.528551 | 0.650927 |
| C02 Event-log fact-extraction           | 0.665496 | 1        | 0.452954 | 0.58654  | 0.346454 | 0.417285 | 0.624804 | 0.542069 | 0.256813 | 0.420915 | 0.337355 | 0.573194 | 0.760868 |
| C03 Text to Model reconstruction        | 0.575773 | 0.452954 | 1        | 0.602879 | 0.655121 | 0.254495 | 0.492284 | 0.563006 | 0.413705 | 0.508771 | 0.371472 | 0.53485  | 0.619812 |
| C04 Compliance / Conformance reasoning  | 0.600273 | 0.58654  | 0.602879 | 1        | 0.459799 | 0.333458 | 0.568418 | 0.639313 | 0.396601 | 0.443055 | 0.488735 | 0.615906 | 0.647133 |
| C05 Counterfactual edits                | 0.43507  | 0.346454 | 0.655121 | 0.459799 | 1        | 0.294447 | 0.525861 | 0.51343  | 0.343367 | 0.386362 | 0.433324 | 0.487478 | 0.493342 |
| C06 Multi-process memory interference   | 0.379731 | 0.417285 | 0.254495 | 0.333458 | 0.294447 | 1        | 0.42835  | 0.283404 | 0.432704 | 0.138833 | 0.633465 | 0.37092  | 0.484144 |
| C07 Change-log diffing                  | 0.490884 | 0.624804 | 0.492284 | 0.568418 | 0.525861 | 0.42835  | 1        | 0.607082 | 0.255469 | 0.46335  | 0.380751 | 0.551688 | 0.638396 |
| C08 Temporal / concurrency reasoning    | 0.450551 | 0.542069 | 0.563006 | 0.639313 | 0.51343  | 0.283404 | 0.607082 | 1        | 0.350034 | 0.544813 | 0.27678  | 0.59901  | 0.557536 |
| C09 Unknown-should-remain-unknown       | 0.431147 | 0.256813 | 0.413705 | 0.396601 | 0.343367 | 0.432704 | 0.255469 | 0.350034 | 1        | 0.382266 | 0.393039 | 0.614775 | 0.489118 |
| C10 Domain-synonym enforcement          | 0.255283 | 0.420915 | 0.508771 | 0.443055 | 0.386362 | 0.138833 | 0.46335  | 0.544813 | 0.382266 | 1        | 0.220142 | 0.587313 | 0.538017 |
| C11 Performance analytics commentary    | 0.402631 | 0.337355 | 0.371472 | 0.488735 | 0.433324 | 0.633465 | 0.380751 | 0.27678  | 0.393039 | 0.220142 | 1        | 0.455258 | 0.4162   |
| C12 Misinformation injection            | 0.528551 | 0.573194 | 0.53485  | 0.615906 | 0.487478 | 0.37092  | 0.551688 | 0.59901  | 0.614775 | 0.587313 | 0.455258 | 1        | 0.745838 |
| C13 Edge-case / low-support prompts     | 0.650927 | 0.760868 | 0.619812 | 0.647133 | 0.493342 | 0.484144 | 0.638396 | 0.557536 | 0.489118 | 0.538017 | 0.4162   | 0.745838 | 1        |