# Inter-Features Correlation

| Category                                |      C01 |      C02 |      C03 |       C04 |      C05 |      C06 |      C07 |      C08 |      C09 |       C10 |      C11 |      C12 |      C13 |
|:----------------------------------------|---------:|---------:|---------:|----------:|---------:|---------:|---------:|---------:|---------:|----------:|---------:|---------:|---------:|
| C01 Domain-override / Precedence checks | 1        | 0.35519  | 0.319737 | 0.406874  | 0.306052 | 0.352267 | 0.322123 | 0.435746 | 0.330817 | 0.158544  | 0.424682 | 0.391476 | 0.430644 |
| C02 Event-log fact-extraction           | 0.35519  | 1        | 0.386847 | 0.534384  | 0.32851  | 0.510163 | 0.503235 | 0.481192 | 0.611161 | 0.22684   | 0.495437 | 0.610259 | 0.63428  |
| C03 Text to Model reconstruction        | 0.319737 | 0.386847 | 1        | 0.332241  | 0.293758 | 0.44017  | 0.346732 | 0.319021 | 0.453562 | 0.299781  | 0.369414 | 0.450584 | 0.410452 |
| C04 Compliance / Conformance reasoning  | 0.406874 | 0.534384 | 0.332241 | 1         | 0.609135 | 0.448579 | 0.401428 | 0.663589 | 0.417013 | 0.0458632 | 0.494977 | 0.56425  | 0.458761 |
| C05 Counterfactual edits                | 0.306052 | 0.32851  | 0.293758 | 0.609135  | 1        | 0.412698 | 0.392489 | 0.452313 | 0.350156 | 0.149907  | 0.472422 | 0.450191 | 0.415171 |
| C06 Multi-process memory interference   | 0.352267 | 0.510163 | 0.44017  | 0.448579  | 0.412698 | 1        | 0.567152 | 0.486482 | 0.616489 | 0.386176  | 0.618679 | 0.565752 | 0.566571 |
| C07 Change-log diffing                  | 0.322123 | 0.503235 | 0.346732 | 0.401428  | 0.392489 | 0.567152 | 1        | 0.407604 | 0.577654 | 0.310543  | 0.57193  | 0.490994 | 0.511919 |
| C08 Temporal / concurrency reasoning    | 0.435746 | 0.481192 | 0.319021 | 0.663589  | 0.452313 | 0.486482 | 0.407604 | 1        | 0.431689 | 0.257148  | 0.518368 | 0.607831 | 0.476697 |
| C09 Unknown-should-remain-unknown       | 0.330817 | 0.611161 | 0.453562 | 0.417013  | 0.350156 | 0.616489 | 0.577654 | 0.431689 | 1        | 0.303168  | 0.568744 | 0.625864 | 0.660693 |
| C10 Domain-synonym enforcement          | 0.158544 | 0.22684  | 0.299781 | 0.0458632 | 0.149907 | 0.386176 | 0.310543 | 0.257148 | 0.303168 | 1         | 0.229804 | 0.25573  | 0.397438 |
| C11 Performance analytics commentary    | 0.424682 | 0.495437 | 0.369414 | 0.494977  | 0.472422 | 0.618679 | 0.57193  | 0.518368 | 0.568744 | 0.229804  | 1        | 0.58491  | 0.530121 |
| C12 Misinformation injection            | 0.391476 | 0.610259 | 0.450584 | 0.56425   | 0.450191 | 0.565752 | 0.490994 | 0.607831 | 0.625864 | 0.25573   | 0.58491  | 1        | 0.651003 |
| C13 Edge-case / low-support prompts     | 0.430644 | 0.63428  | 0.410452 | 0.458761  | 0.415171 | 0.566571 | 0.511919 | 0.476697 | 0.660693 | 0.397438  | 0.530121 | 0.651003 | 1        |