# Inter-Features Correlation

| Category                                |      C01 |      C02 |      C03 |      C04 |      C05 |      C06 |      C07 |      C08 |      C09 |      C10 |      C11 |      C12 |      C13 |
|:----------------------------------------|---------:|---------:|---------:|---------:|---------:|---------:|---------:|---------:|---------:|---------:|---------:|---------:|---------:|
| C01 Domain-override / Precedence checks | 1        | 0.60625  | 0.497973 | 0.451528 | 0.454587 | 0.409765 | 0.4505   | 0.33578  | 0.387073 | 0.259879 | 0.427315 | 0.438038 | 0.549837 |
| C02 Event-log fact-extraction           | 0.60625  | 1        | 0.467653 | 0.580726 | 0.393114 | 0.455168 | 0.578736 | 0.477646 | 0.294715 | 0.432627 | 0.322009 | 0.578878 | 0.700016 |
| C03 Text to Model reconstruction        | 0.497973 | 0.467653 | 1        | 0.496626 | 0.596005 | 0.359047 | 0.465422 | 0.485033 | 0.392883 | 0.518475 | 0.47645  | 0.499529 | 0.557746 |
| C04 Compliance / Conformance reasoning  | 0.451528 | 0.580726 | 0.496626 | 1        | 0.578499 | 0.299942 | 0.536482 | 0.618733 | 0.388533 | 0.38225  | 0.420342 | 0.635946 | 0.59609  |
| C05 Counterfactual edits                | 0.454587 | 0.393114 | 0.596005 | 0.578499 | 1        | 0.344371 | 0.521475 | 0.55638  | 0.280541 | 0.504411 | 0.434604 | 0.461818 | 0.430399 |
| C06 Multi-process memory interference   | 0.409765 | 0.455168 | 0.359047 | 0.299942 | 0.344371 | 1        | 0.303317 | 0.311682 | 0.335114 | 0.254629 | 0.531961 | 0.397525 | 0.325089 |
| C07 Change-log diffing                  | 0.4505   | 0.578736 | 0.465422 | 0.536482 | 0.521475 | 0.303317 | 1        | 0.595826 | 0.266519 | 0.479688 | 0.473302 | 0.546598 | 0.589843 |
| C08 Temporal / concurrency reasoning    | 0.33578  | 0.477646 | 0.485033 | 0.618733 | 0.55638  | 0.311682 | 0.595826 | 1        | 0.344004 | 0.50595  | 0.34206  | 0.593614 | 0.455246 |
| C09 Unknown-should-remain-unknown       | 0.387073 | 0.294715 | 0.392883 | 0.388533 | 0.280541 | 0.335114 | 0.266519 | 0.344004 | 1        | 0.403815 | 0.313546 | 0.616356 | 0.490586 |
| C10 Domain-synonym enforcement          | 0.259879 | 0.432627 | 0.518475 | 0.38225  | 0.504411 | 0.254629 | 0.479688 | 0.50595  | 0.403815 | 1        | 0.342022 | 0.500125 | 0.482822 |
| C11 Performance analytics commentary    | 0.427315 | 0.322009 | 0.47645  | 0.420342 | 0.434604 | 0.531961 | 0.473302 | 0.34206  | 0.313546 | 0.342022 | 1        | 0.377718 | 0.347023 |
| C12 Misinformation injection            | 0.438038 | 0.578878 | 0.499529 | 0.635946 | 0.461818 | 0.397525 | 0.546598 | 0.593614 | 0.616356 | 0.500125 | 0.377718 | 1        | 0.724656 |
| C13 Edge-case / low-support prompts     | 0.549837 | 0.700016 | 0.557746 | 0.59609  | 0.430399 | 0.325089 | 0.589843 | 0.455246 | 0.490586 | 0.482822 | 0.347023 | 0.724656 | 1        |