# Inter-Features Correlation

| Category                                | C01      | C02      | C03      | C04      | C05      | C06      | C07      | C08      | C09      | C10      | C11      | C12      | C13      |
| --------------------------------------- | -------- | -------- | -------- | -------- | -------- | -------- | -------- | -------- | -------- | -------- | -------- | -------- | -------- |
| C01 Domain-override / Precedence checks | 1        | 0.561708 | 0.434292 | 0.522577 | 0.46407  | 0.418097 | 0.487058 | 0.462151 | 0.472167 | 0.183941 | 0.559327 | 0.569598 | 0.477729 |
| C02 Event-log fact-extraction           | 0.561708 | 1        | 0.489506 | 0.695866 | 0.491923 | 0.636666 | 0.698831 | 0.621792 | 0.721108 | 0.299823 | 0.710793 | 0.801872 | 0.676523 |
| C03 Text to Model reconstruction        | 0.434292 | 0.489506 | 1        | 0.419437 | 0.425614 | 0.385975 | 0.453929 | 0.413221 | 0.466321 | 0.272576 | 0.458568 | 0.512273 | 0.397813 |
| C04 Compliance / Conformance reasoning  | 0.522577 | 0.695866 | 0.419437 | 1        | 0.624325 | 0.516877 | 0.60364  | 0.748094 | 0.570219 | 0.110915 | 0.644921 | 0.678947 | 0.543077 |
| C05 Counterfactual edits                | 0.46407  | 0.491923 | 0.425614 | 0.624325 | 1        | 0.381008 | 0.499195 | 0.550628 | 0.410408 | 0.139136 | 0.538998 | 0.542292 | 0.472436 |
| C06 Multi-process memory interference   | 0.418097 | 0.636666 | 0.385975 | 0.516877 | 0.381008 | 1        | 0.581349 | 0.513293 | 0.631621 | 0.216746 | 0.621987 | 0.635526 | 0.535351 |
| C07 Change-log diffing                  | 0.487058 | 0.698831 | 0.453929 | 0.60364  | 0.499195 | 0.581349 | 1        | 0.517348 | 0.702296 | 0.333557 | 0.732477 | 0.716347 | 0.585536 |
| C08 Temporal / concurrency reasoning    | 0.462151 | 0.621792 | 0.413221 | 0.748094 | 0.550628 | 0.513293 | 0.517348 | 1        | 0.54534  | 0.190266 | 0.585065 | 0.618458 | 0.486505 |
| C09 Unknown-should-remain-unknown       | 0.472167 | 0.721108 | 0.466321 | 0.570219 | 0.410408 | 0.631621 | 0.702296 | 0.54534  | 1        | 0.307658 | 0.687653 | 0.719472 | 0.623815 |
| C10 Domain-synonym enforcement          | 0.183941 | 0.299823 | 0.272576 | 0.110915 | 0.139136 | 0.216746 | 0.333557 | 0.190266 | 0.307658 | 1        | 0.231363 | 0.247698 | 0.320722 |
| C11 Performance analytics commentary    | 0.559327 | 0.710793 | 0.458568 | 0.644921 | 0.538998 | 0.621987 | 0.732477 | 0.585065 | 0.687653 | 0.231363 | 1        | 0.786844 | 0.583456 |
| C12 Misinformation injection            | 0.569598 | 0.801872 | 0.512273 | 0.678947 | 0.542292 | 0.635526 | 0.716347 | 0.618458 | 0.719472 | 0.247698 | 0.786844 | 1        | 0.662549 |
| C13 Edge-case / low-support prompts     | 0.477729 | 0.676523 | 0.397813 | 0.543077 | 0.472436 | 0.535351 | 0.585536 | 0.486505 | 0.623815 | 0.320722 | 0.583456 | 0.662549 | 1        |