# Inter-Features Correlation

| Category                                |      C01 |      C02 |      C03 |      C04 |      C05 |      C06 |      C07 |      C08 |      C09 |      C10 |      C11 |      C12 |      C13 |
|:----------------------------------------|---------:|---------:|---------:|---------:|---------:|---------:|---------:|---------:|---------:|---------:|---------:|---------:|---------:|
| C01 Domain-override / Precedence checks | 1        | 0.458156 | 0.462652 | 0.503139 | 0.46903  | 0.411669 | 0.419096 | 0.399386 | 0.316732 | 0.26048  | 0.491474 | 0.485435 | 0.522717 |
| C02 Event-log fact-extraction           | 0.458156 | 1        | 0.496373 | 0.591124 | 0.40022  | 0.542234 | 0.662101 | 0.515434 | 0.530353 | 0.521861 | 0.424233 | 0.594547 | 0.709848 |
| C03 Text to Model reconstruction        | 0.462652 | 0.496373 | 1        | 0.515017 | 0.47604  | 0.4574   | 0.486711 | 0.520463 | 0.427932 | 0.541259 | 0.447641 | 0.491316 | 0.530928 |
| C04 Compliance / Conformance reasoning  | 0.503139 | 0.591124 | 0.515017 | 1        | 0.551623 | 0.413089 | 0.558653 | 0.637615 | 0.457643 | 0.46913  | 0.504164 | 0.653999 | 0.628569 |
| C05 Counterfactual edits                | 0.46903  | 0.40022  | 0.47604  | 0.551623 | 1        | 0.379799 | 0.512694 | 0.515902 | 0.358384 | 0.540559 | 0.507761 | 0.504756 | 0.472815 |
| C06 Multi-process memory interference   | 0.411669 | 0.542234 | 0.4574   | 0.413089 | 0.379799 | 1        | 0.436002 | 0.42092  | 0.423197 | 0.377587 | 0.568777 | 0.517852 | 0.442698 |
| C07 Change-log diffing                  | 0.419096 | 0.662101 | 0.486711 | 0.558653 | 0.512694 | 0.436002 | 1        | 0.568902 | 0.501479 | 0.581864 | 0.559017 | 0.61391  | 0.646602 |
| C08 Temporal / concurrency reasoning    | 0.399386 | 0.515434 | 0.520463 | 0.637615 | 0.515902 | 0.42092  | 0.568902 | 1        | 0.37587  | 0.526212 | 0.471681 | 0.609162 | 0.476485 |
| C09 Unknown-should-remain-unknown       | 0.316732 | 0.530353 | 0.427932 | 0.457643 | 0.358384 | 0.423197 | 0.501479 | 0.37587  | 1        | 0.492212 | 0.390716 | 0.59595  | 0.546205 |
| C10 Domain-synonym enforcement          | 0.26048  | 0.521861 | 0.541259 | 0.46913  | 0.540559 | 0.377587 | 0.581864 | 0.526212 | 0.492212 | 1        | 0.456316 | 0.55684  | 0.541072 |
| C11 Performance analytics commentary    | 0.491474 | 0.424233 | 0.447641 | 0.504164 | 0.507761 | 0.568777 | 0.559017 | 0.471681 | 0.390716 | 0.456316 | 1        | 0.48952  | 0.483857 |
| C12 Misinformation injection            | 0.485435 | 0.594547 | 0.491316 | 0.653999 | 0.504756 | 0.517852 | 0.61391  | 0.609162 | 0.59595  | 0.55684  | 0.48952  | 1        | 0.750332 |
| C13 Edge-case / low-support prompts     | 0.522717 | 0.709848 | 0.530928 | 0.628569 | 0.472815 | 0.442698 | 0.646602 | 0.476485 | 0.546205 | 0.541072 | 0.483857 | 0.750332 | 1        |