# Inter-Features Correlation

| Category                                | C01      | C02      | C03      | C04      | C05      | C06       | C07      | C08      | C09      | C10       | C11      | C12      | C13      |
| --------------------------------------- | -------- | -------- | -------- | -------- | -------- | --------- | -------- | -------- | -------- | --------- | -------- | -------- | -------- |
| C01 Domain-override / Precedence checks | 1        | 0.356843 | 0.277799 | 0.317032 | 0.335    | 0.219758  | 0.475065 | 0.296516 | 0.24254  | 0.113668  | 0.377559 | 0.355305 | 0.208833 |
| C02 Event-log fact-extraction           | 0.356843 | 1        | 0.240685 | 0.43214  | 0.296533 | 0.254065  | 0.441113 | 0.51429  | 0.271194 | 0.109951  | 0.253994 | 0.305678 | 0.182808 |
| C03 Text to Model reconstruction        | 0.277799 | 0.240685 | 1        | 0.315448 | 0.252214 | 0.185736  | 0.329761 | 0.246057 | 0.01255  | 0.066715  | 0.292967 | 0.264218 | 0.152605 |
| C04 Compliance / Conformance reasoning  | 0.317032 | 0.43214  | 0.315448 | 1        | 0.565732 | 0.34707   | 0.457649 | 0.611359 | 0.225327 | 0.14122   | 0.391019 | 0.374111 | 0.340446 |
| C05 Counterfactual edits                | 0.335    | 0.296533 | 0.252214 | 0.565732 | 1        | 0.227055  | 0.347791 | 0.39063  | 0.201845 | 0.171965  | 0.344626 | 0.370578 | 0.404021 |
| C06 Multi-process memory interference   | 0.219758 | 0.254065 | 0.185736 | 0.34707  | 0.227055 | 1         | 0.266923 | 0.34818  | 0.062116 | -0.007302 | 0.295323 | 0.200485 | 0.147438 |
| C07 Change-log diffing                  | 0.475065 | 0.441113 | 0.329761 | 0.457649 | 0.347791 | 0.266923  | 1        | 0.397075 | 0.276623 | 0.07836   | 0.524194 | 0.465118 | 0.210145 |
| C08 Temporal / concurrency reasoning    | 0.296516 | 0.51429  | 0.246057 | 0.611359 | 0.39063  | 0.34818   | 0.397075 | 1        | 0.232999 | 0.056688  | 0.302353 | 0.429285 | 0.268307 |
| C09 Unknown-should-remain-unknown       | 0.24254  | 0.271194 | 0.01255  | 0.225327 | 0.201845 | 0.062116  | 0.276623 | 0.232999 | 1        | 0.042327  | 0.363294 | 0.352575 | 0.208511 |
| C10 Domain-synonym enforcement          | 0.113668 | 0.109951 | 0.066715 | 0.14122  | 0.171965 | -0.007302 | 0.07836  | 0.056688 | 0.042327 | 1         | 0.093436 | 0.124005 | 0.17692  |
| C11 Performance analytics commentary    | 0.377559 | 0.253994 | 0.292967 | 0.391019 | 0.344626 | 0.295323  | 0.524194 | 0.302353 | 0.363294 | 0.093436  | 1        | 0.493578 | 0.307454 |
| C12 Misinformation injection            | 0.355305 | 0.305678 | 0.264218 | 0.374111 | 0.370578 | 0.200485  | 0.465118 | 0.429285 | 0.352575 | 0.124005  | 0.493578 | 1        | 0.389944 |
| C13 Edge-case / low-support prompts     | 0.208833 | 0.182808 | 0.152605 | 0.340446 | 0.404021 | 0.147438  | 0.210145 | 0.268307 | 0.208511 | 0.17692   | 0.307454 | 0.389944 | 1        |