# Inter-Features Correlation

| Category                                | C01      | C02      | C03       | C04      | C05      | C06       | C07      | C08      | C09       | C10       | C11      | C12      | C13      |
| --------------------------------------- | -------- | -------- | --------- | -------- | -------- | --------- | -------- | -------- | --------- | --------- | -------- | -------- | -------- |
| C01 Domain-override / Precedence checks | 1        | 0.352096 | 0.280061  | 0.314773 | 0.344897 | 0.219518  | 0.474606 | 0.296487 | 0.237752  | 0.112676  | 0.372388 | 0.353948 | 0.20126  |
| C02 Event-log fact-extraction           | 0.352096 | 1        | 0.242685  | 0.432663 | 0.305392 | 0.253533  | 0.44126  | 0.520362 | 0.266827  | 0.11019   | 0.247915 | 0.304757 | 0.177279 |
| C03 Text to Model reconstruction        | 0.280061 | 0.242685 | 1         | 0.294024 | 0.249267 | 0.180816  | 0.305698 | 0.214473 | -0.000672 | 0.045264  | 0.268542 | 0.280602 | 0.113614 |
| C04 Compliance / Conformance reasoning  | 0.314773 | 0.432663 | 0.294024  | 1        | 0.571934 | 0.345259  | 0.442216 | 0.600298 | 0.217658  | 0.127462  | 0.373255 | 0.383743 | 0.317578 |
| C05 Counterfactual edits                | 0.344897 | 0.305392 | 0.249267  | 0.571934 | 1        | 0.229019  | 0.353595 | 0.392126 | 0.208968  | 0.165414  | 0.355457 | 0.378759 | 0.41408  |
| C06 Multi-process memory interference   | 0.219518 | 0.253533 | 0.180816  | 0.345259 | 0.229019 | 1         | 0.264129 | 0.347599 | 0.057454  | -0.009464 | 0.294681 | 0.204865 | 0.143927 |
| C07 Change-log diffing                  | 0.474606 | 0.44126  | 0.305698  | 0.442216 | 0.353595 | 0.264129  | 1        | 0.376335 | 0.267827  | 0.0616    | 0.50628  | 0.478016 | 0.175017 |
| C08 Temporal / concurrency reasoning    | 0.296487 | 0.520362 | 0.214473  | 0.600298 | 0.392126 | 0.347599  | 0.376335 | 1        | 0.22628   | 0.035701  | 0.277913 | 0.444979 | 0.235828 |
| C09 Unknown-should-remain-unknown       | 0.237752 | 0.266827 | -0.000672 | 0.217658 | 0.208968 | 0.057454  | 0.267827 | 0.22628  | 1         | 0.040115  | 0.35587  | 0.35727  | 0.19878  |
| C10 Domain-synonym enforcement          | 0.112676 | 0.11019  | 0.045264  | 0.127462 | 0.165414 | -0.009464 | 0.0616   | 0.035701 | 0.040115  | 1         | 0.076639 | 0.12702  | 0.156712 |
| C11 Performance analytics commentary    | 0.372388 | 0.247915 | 0.268542  | 0.373255 | 0.355457 | 0.294681  | 0.50628  | 0.277913 | 0.35587   | 0.076639  | 1        | 0.506184 | 0.272606 |
| C12 Misinformation injection            | 0.353948 | 0.304757 | 0.280602  | 0.383743 | 0.378759 | 0.204865  | 0.478016 | 0.444979 | 0.35727   | 0.12702   | 0.506184 | 1        | 0.403885 |
| C13 Edge-case / low-support prompts     | 0.20126  | 0.177279 | 0.113614  | 0.317578 | 0.41408  | 0.143927  | 0.175017 | 0.235828 | 0.19878   | 0.156712  | 0.272606 | 0.403885 | 1        |