# Inter-Features Correlation

| Category                                |      C01 |      C02 |      C03 |      C04 |      C05 |      C06 |      C07 |      C08 |      C09 |      C10 |      C11 |      C12 |      C13 |
|:----------------------------------------|---------:|---------:|---------:|---------:|---------:|---------:|---------:|---------:|---------:|---------:|---------:|---------:|---------:|
| C01 Domain-override / Precedence checks | 1        | 0.511297 | 0.387451 | 0.469074 | 0.404846 | 0.375141 | 0.448408 | 0.464417 | 0.450509 | 0.23014  | 0.551031 | 0.528683 | 0.470654 |
| C02 Event-log fact-extraction           | 0.511297 | 1        | 0.47245  | 0.645851 | 0.455699 | 0.543853 | 0.640044 | 0.621263 | 0.709818 | 0.313464 | 0.640428 | 0.738056 | 0.616213 |
| C03 Text to Model reconstruction        | 0.387451 | 0.47245  | 1        | 0.401955 | 0.387889 | 0.348375 | 0.450694 | 0.390961 | 0.493454 | 0.354906 | 0.457825 | 0.508779 | 0.414586 |
| C04 Compliance / Conformance reasoning  | 0.469074 | 0.645851 | 0.401955 | 1        | 0.614279 | 0.460353 | 0.56279  | 0.738665 | 0.543201 | 0.132863 | 0.626999 | 0.637622 | 0.498291 |
| C05 Counterfactual edits                | 0.404846 | 0.455699 | 0.387889 | 0.614279 | 1        | 0.369607 | 0.481425 | 0.537219 | 0.371485 | 0.228417 | 0.523312 | 0.498189 | 0.442984 |
| C06 Multi-process memory interference   | 0.375141 | 0.543853 | 0.348375 | 0.460353 | 0.369607 | 1        | 0.511978 | 0.479325 | 0.582894 | 0.242081 | 0.556812 | 0.560345 | 0.487937 |
| C07 Change-log diffing                  | 0.448408 | 0.640044 | 0.450694 | 0.56279  | 0.481425 | 0.511978 | 1        | 0.520308 | 0.726107 | 0.389486 | 0.684032 | 0.659839 | 0.54098  |
| C08 Temporal / concurrency reasoning    | 0.464417 | 0.621263 | 0.390961 | 0.738665 | 0.537219 | 0.479325 | 0.520308 | 1        | 0.51628  | 0.280029 | 0.612634 | 0.6223   | 0.512414 |
| C09 Unknown-should-remain-unknown       | 0.450509 | 0.709818 | 0.493454 | 0.543201 | 0.371485 | 0.582894 | 0.726107 | 0.51628  | 1        | 0.400732 | 0.687491 | 0.692476 | 0.618105 |
| C10 Domain-synonym enforcement          | 0.23014  | 0.313464 | 0.354906 | 0.132863 | 0.228417 | 0.242081 | 0.389486 | 0.280029 | 0.400732 | 1        | 0.315684 | 0.306921 | 0.3212   |
| C11 Performance analytics commentary    | 0.551031 | 0.640428 | 0.457825 | 0.626999 | 0.523312 | 0.556812 | 0.684032 | 0.612634 | 0.687491 | 0.315684 | 1        | 0.736404 | 0.563567 |
| C12 Misinformation injection            | 0.528683 | 0.738056 | 0.508779 | 0.637622 | 0.498189 | 0.560345 | 0.659839 | 0.6223   | 0.692476 | 0.306921 | 0.736404 | 1        | 0.616789 |
| C13 Edge-case / low-support prompts     | 0.470654 | 0.616213 | 0.414586 | 0.498291 | 0.442984 | 0.487937 | 0.54098  | 0.512414 | 0.618105 | 0.3212   | 0.563567 | 0.616789 | 1        |