# Inter-Features Correlation

| Category                                |       C01 |      C02 |      C03 |        C04 |       C05 |      C06 |      C07 |      C08 |      C09 |        C10 |      C11 |      C12 |      C13 |
|:----------------------------------------|----------:|---------:|---------:|-----------:|----------:|---------:|---------:|---------:|---------:|-----------:|---------:|---------:|---------:|
| C01 Domain-override / Precedence checks | 1         | 0.299599 | 0.297563 |  0.406076  | 0.30453   | 0.293756 | 0.276621 | 0.419825 | 0.288677 |  0.0930959 | 0.386824 | 0.349504 | 0.414827 |
| C02 Event-log fact-extraction           | 0.299599  | 1        | 0.358392 |  0.527725  | 0.313354  | 0.433978 | 0.443847 | 0.453889 | 0.558084 |  0.117557  | 0.442126 | 0.57624  | 0.588623 |
| C03 Text to Model reconstruction        | 0.297563  | 0.358392 | 1        |  0.330542  | 0.30898   | 0.410491 | 0.306531 | 0.284778 | 0.412504 |  0.311095  | 0.331123 | 0.409486 | 0.379093 |
| C04 Compliance / Conformance reasoning  | 0.406076  | 0.527725 | 0.330542 |  1         | 0.587183  | 0.397823 | 0.379681 | 0.662876 | 0.385868 | -0.0241663 | 0.49692  | 0.575731 | 0.428391 |
| C05 Counterfactual edits                | 0.30453   | 0.313354 | 0.30898  |  0.587183  | 1         | 0.414867 | 0.378543 | 0.450118 | 0.361327 |  0.0920624 | 0.472824 | 0.471071 | 0.425878 |
| C06 Multi-process memory interference   | 0.293756  | 0.433978 | 0.410491 |  0.397823  | 0.414867  | 1        | 0.5145   | 0.455199 | 0.524156 |  0.311825  | 0.58844  | 0.50934  | 0.441588 |
| C07 Change-log diffing                  | 0.276621  | 0.443847 | 0.306531 |  0.379681  | 0.378543  | 0.5145   | 1        | 0.360943 | 0.527532 |  0.261801  | 0.51966  | 0.423584 | 0.445955 |
| C08 Temporal / concurrency reasoning    | 0.419825  | 0.453889 | 0.284778 |  0.662876  | 0.450118  | 0.455199 | 0.360943 | 1        | 0.393954 |  0.242211  | 0.490009 | 0.590912 | 0.465275 |
| C09 Unknown-should-remain-unknown       | 0.288677  | 0.558084 | 0.412504 |  0.385868  | 0.361327  | 0.524156 | 0.527532 | 0.393954 | 1        |  0.21103   | 0.531705 | 0.579247 | 0.533965 |
| C10 Domain-synonym enforcement          | 0.0930959 | 0.117557 | 0.311095 | -0.0241663 | 0.0920624 | 0.311825 | 0.261801 | 0.242211 | 0.21103  |  1         | 0.174671 | 0.210728 | 0.291699 |
| C11 Performance analytics commentary    | 0.386824  | 0.442126 | 0.331123 |  0.49692   | 0.472824  | 0.58844  | 0.51966  | 0.490009 | 0.531705 |  0.174671  | 1        | 0.52062  | 0.474171 |
| C12 Misinformation injection            | 0.349504  | 0.57624  | 0.409486 |  0.575731  | 0.471071  | 0.50934  | 0.423584 | 0.590912 | 0.579247 |  0.210728  | 0.52062  | 1        | 0.614619 |
| C13 Edge-case / low-support prompts     | 0.414827  | 0.588623 | 0.379093 |  0.428391  | 0.425878  | 0.441588 | 0.445955 | 0.465275 | 0.533965 |  0.291699  | 0.474171 | 0.614619 | 1        |