# Inter-Features Correlation

| Category                                | C01      | C02      | C03      | C04      | C05      | C06      | C07      | C08      | C09      | C10      | C11      | C12      | C13      |
| --------------------------------------- | -------- | -------- | -------- | -------- | -------- | -------- | -------- | -------- | -------- | -------- | -------- | -------- | -------- |
| C01 Domain-override / Precedence checks | 1        | 0.560249 | 0.423402 | 0.516206 | 0.455165 | 0.413926 | 0.482486 | 0.459123 | 0.472599 | 0.178094 | 0.553719 | 0.569917 | 0.482866 |
| C02 Event-log fact-extraction           | 0.560249 | 1        | 0.479675 | 0.691328 | 0.482976 | 0.632739 | 0.691828 | 0.62008  | 0.722523 | 0.294142 | 0.711843 | 0.800116 | 0.677038 |
| C03 Text to Model reconstruction        | 0.423402 | 0.479675 | 1        | 0.412826 | 0.414304 | 0.388104 | 0.448124 | 0.393639 | 0.450236 | 0.259301 | 0.453544 | 0.500857 | 0.400026 |
| C04 Compliance / Conformance reasoning  | 0.516206 | 0.691328 | 0.412826 | 1        | 0.607625 | 0.523647 | 0.607639 | 0.747685 | 0.553582 | 0.108995 | 0.648229 | 0.675876 | 0.534781 |
| C05 Counterfactual edits                | 0.455165 | 0.482976 | 0.414304 | 0.607625 | 1        | 0.370104 | 0.484513 | 0.534441 | 0.403204 | 0.154177 | 0.525339 | 0.53428  | 0.467837 |
| C06 Multi-process memory interference   | 0.413926 | 0.632739 | 0.388104 | 0.523647 | 0.370104 | 1        | 0.585995 | 0.512965 | 0.612774 | 0.212034 | 0.625136 | 0.631528 | 0.530309 |
| C07 Change-log diffing                  | 0.482486 | 0.691828 | 0.448124 | 0.607639 | 0.484513 | 0.585995 | 1        | 0.519809 | 0.67688  | 0.329687 | 0.731353 | 0.712047 | 0.574095 |
| C08 Temporal / concurrency reasoning    | 0.459123 | 0.62008  | 0.393639 | 0.747685 | 0.534441 | 0.512965 | 0.519809 | 1        | 0.536002 | 0.19339  | 0.584808 | 0.618212 | 0.4781   |
| C09 Unknown-should-remain-unknown       | 0.472599 | 0.722523 | 0.450236 | 0.553582 | 0.403204 | 0.612774 | 0.67688  | 0.536002 | 1        | 0.297094 | 0.67835  | 0.711763 | 0.63009  |
| C10 Domain-synonym enforcement          | 0.178094 | 0.294142 | 0.259301 | 0.108995 | 0.154177 | 0.212034 | 0.329687 | 0.19339  | 0.297094 | 1        | 0.225265 | 0.244132 | 0.312228 |
| C11 Performance analytics commentary    | 0.553719 | 0.711843 | 0.453544 | 0.648229 | 0.525339 | 0.625136 | 0.731353 | 0.584808 | 0.67835  | 0.225265 | 1        | 0.782995 | 0.580415 |
| C12 Misinformation injection            | 0.569917 | 0.800116 | 0.500857 | 0.675876 | 0.53428  | 0.631528 | 0.712047 | 0.618212 | 0.711763 | 0.244132 | 0.782995 | 1        | 0.658326 |
| C13 Edge-case / low-support prompts     | 0.482866 | 0.677038 | 0.400026 | 0.534781 | 0.467837 | 0.530309 | 0.574095 | 0.4781   | 0.63009  | 0.312228 | 0.580415 | 0.658326 | 1        |