# Inter-Features Correlation

| Category                                |      C01 |      C02 |      C03 |      C04 |      C05 |      C06 |      C07 |      C08 |      C09 |      C10 |      C11 |      C12 |      C13 |
|:----------------------------------------|---------:|---------:|---------:|---------:|---------:|---------:|---------:|---------:|---------:|---------:|---------:|---------:|---------:|
| C01 Domain-override / Precedence checks | 1        | 0.580099 | 0.440161 | 0.53565  | 0.475748 | 0.416762 | 0.504468 | 0.481567 | 0.488269 | 0.194778 | 0.60299  | 0.595926 | 0.511679 |
| C02 Event-log fact-extraction           | 0.580099 | 1        | 0.494169 | 0.6944   | 0.489055 | 0.621279 | 0.691943 | 0.61701  | 0.710329 | 0.329138 | 0.711783 | 0.789461 | 0.656819 |
| C03 Text to Model reconstruction        | 0.440161 | 0.494169 | 1        | 0.407842 | 0.414658 | 0.382814 | 0.461326 | 0.401431 | 0.502828 | 0.295695 | 0.483494 | 0.522321 | 0.405559 |
| C04 Compliance / Conformance reasoning  | 0.53565  | 0.6944   | 0.407842 | 1        | 0.630474 | 0.504237 | 0.607636 | 0.74737  | 0.560136 | 0.140797 | 0.665537 | 0.68107  | 0.525567 |
| C05 Counterfactual edits                | 0.475748 | 0.489055 | 0.414658 | 0.630474 | 1        | 0.379556 | 0.517263 | 0.549763 | 0.41548  | 0.15543  | 0.571124 | 0.548364 | 0.458171 |
| C06 Multi-process memory interference   | 0.416762 | 0.621279 | 0.382814 | 0.504237 | 0.379556 | 1        | 0.576026 | 0.502197 | 0.626149 | 0.255149 | 0.608052 | 0.612643 | 0.517424 |
| C07 Change-log diffing                  | 0.504468 | 0.691943 | 0.461326 | 0.607636 | 0.517263 | 0.576026 | 1        | 0.51343  | 0.704305 | 0.363991 | 0.751328 | 0.72394  | 0.568239 |
| C08 Temporal / concurrency reasoning    | 0.481567 | 0.61701  | 0.401431 | 0.74737  | 0.549763 | 0.502197 | 0.51343  | 1        | 0.540633 | 0.232112 | 0.596484 | 0.619391 | 0.478049 |
| C09 Unknown-should-remain-unknown       | 0.488269 | 0.710329 | 0.502828 | 0.560136 | 0.41548  | 0.626149 | 0.704305 | 0.540633 | 1        | 0.344882 | 0.685764 | 0.70575  | 0.606623 |
| C10 Domain-synonym enforcement          | 0.194778 | 0.329138 | 0.295695 | 0.140797 | 0.15543  | 0.255149 | 0.363991 | 0.232112 | 0.344882 | 1        | 0.24929  | 0.284849 | 0.35773  |
| C11 Performance analytics commentary    | 0.60299  | 0.711783 | 0.483494 | 0.665537 | 0.571124 | 0.608052 | 0.751328 | 0.596484 | 0.685764 | 0.24929  | 1        | 0.788349 | 0.572493 |
| C12 Misinformation injection            | 0.595926 | 0.789461 | 0.522321 | 0.68107  | 0.548364 | 0.612643 | 0.72394  | 0.619391 | 0.70575  | 0.284849 | 0.788349 | 1        | 0.639745 |
| C13 Edge-case / low-support prompts     | 0.511679 | 0.656819 | 0.405559 | 0.525567 | 0.458171 | 0.517424 | 0.568239 | 0.478049 | 0.606623 | 0.35773  | 0.572493 | 0.639745 | 1        |