# Inter-Features Correlation

| Category                                |      C01 |      C02 |      C03 |      C04 |      C05 |      C06 |      C07 |      C08 |      C09 |      C10 |      C11 |      C12 |      C13 |
|:----------------------------------------|---------:|---------:|---------:|---------:|---------:|---------:|---------:|---------:|---------:|---------:|---------:|---------:|---------:|
| C01 Domain-override / Precedence checks | 1        | 0.479859 | 0.382038 | 0.489997 | 0.358323 | 0.380257 | 0.435136 | 0.50647  | 0.45578  | 0.264173 | 0.523833 | 0.479418 | 0.460523 |
| C02 Event-log fact-extraction           | 0.479859 | 1        | 0.47266  | 0.659876 | 0.437348 | 0.538222 | 0.611787 | 0.638243 | 0.708453 | 0.313333 | 0.619559 | 0.727648 | 0.596179 |
| C03 Text to Model reconstruction        | 0.382038 | 0.47266  | 1        | 0.402264 | 0.375598 | 0.400072 | 0.453673 | 0.380042 | 0.519387 | 0.346324 | 0.487945 | 0.541221 | 0.401613 |
| C04 Compliance / Conformance reasoning  | 0.489997 | 0.659876 | 0.402264 | 1        | 0.61255  | 0.464077 | 0.539824 | 0.712144 | 0.527847 | 0.164998 | 0.598384 | 0.623905 | 0.493073 |
| C05 Counterfactual edits                | 0.358323 | 0.437348 | 0.375598 | 0.61255  | 1        | 0.391791 | 0.455653 | 0.52156  | 0.374738 | 0.292561 | 0.500671 | 0.441572 | 0.414298 |
| C06 Multi-process memory interference   | 0.380257 | 0.538222 | 0.400072 | 0.464077 | 0.391791 | 1        | 0.517437 | 0.510219 | 0.582618 | 0.254874 | 0.597697 | 0.560543 | 0.471113 |
| C07 Change-log diffing                  | 0.435136 | 0.611787 | 0.453673 | 0.539824 | 0.455653 | 0.517437 | 1        | 0.50142  | 0.714026 | 0.396824 | 0.654285 | 0.636027 | 0.51663  |
| C08 Temporal / concurrency reasoning    | 0.50647  | 0.638243 | 0.380042 | 0.712144 | 0.52156  | 0.510219 | 0.50142  | 1        | 0.50874  | 0.30484  | 0.602866 | 0.622531 | 0.48322  |
| C09 Unknown-should-remain-unknown       | 0.45578  | 0.708453 | 0.519387 | 0.527847 | 0.374738 | 0.582618 | 0.714026 | 0.50874  | 1        | 0.409634 | 0.674648 | 0.691932 | 0.592115 |
| C10 Domain-synonym enforcement          | 0.264173 | 0.313333 | 0.346324 | 0.164998 | 0.292561 | 0.254874 | 0.396824 | 0.30484  | 0.409634 | 1        | 0.311986 | 0.323885 | 0.389572 |
| C11 Performance analytics commentary    | 0.523833 | 0.619559 | 0.487945 | 0.598384 | 0.500671 | 0.597697 | 0.654285 | 0.602866 | 0.674648 | 0.311986 | 1        | 0.718388 | 0.509262 |
| C12 Misinformation injection            | 0.479418 | 0.727648 | 0.541221 | 0.623905 | 0.441572 | 0.560543 | 0.636027 | 0.622531 | 0.691932 | 0.323885 | 0.718388 | 1        | 0.549349 |
| C13 Edge-case / low-support prompts     | 0.460523 | 0.596179 | 0.401613 | 0.493073 | 0.414298 | 0.471113 | 0.51663  | 0.48322  | 0.592115 | 0.389572 | 0.509262 | 0.549349 | 1        |