# Inter-Features Correlation

| Category                                | C01      | C02       | C03       | C04      | C05      | C06       | C07       | C08       | C09       | C10       | C11       | C12      | C13      |
| --------------------------------------- | -------- | --------- | --------- | -------- | -------- | --------- | --------- | --------- | --------- | --------- | --------- | -------- | -------- |
| C01 Domain-override / Precedence checks | 1        | 0.351642  | 0.205455  | 0.311129 | 0.31242  | 0.16744   | 0.454738  | 0.308562  | 0.216477  | 0.0716    | 0.382414  | 0.339771 | 0.230836 |
| C02 Event-log fact-extraction           | 0.351642 | 1         | 0.150181  | 0.473949 | 0.295604 | 0.294931  | 0.495796  | 0.5643    | 0.315042  | -0.015452 | 0.349906  | 0.35349  | 0.243509 |
| C03 Text to Model reconstruction        | 0.205455 | 0.150181  | 1         | 0.210181 | 0.090894 | 0.128924  | 0.206166  | 0.109484  | -0.012333 | 0.070404  | 0.175874  | 0.172847 | 0.119611 |
| C04 Compliance / Conformance reasoning  | 0.311129 | 0.473949  | 0.210181  | 1        | 0.560524 | 0.353883  | 0.463635  | 0.610263  | 0.228189  | 0.032683  | 0.440689  | 0.395451 | 0.374469 |
| C05 Counterfactual edits                | 0.31242  | 0.295604  | 0.090894  | 0.560524 | 1        | 0.243352  | 0.341397  | 0.385547  | 0.170478  | 0.092856  | 0.358173  | 0.384436 | 0.348626 |
| C06 Multi-process memory interference   | 0.16744  | 0.294931  | 0.128924  | 0.353883 | 0.243352 | 1         | 0.238156  | 0.323245  | 0.088464  | -0.045997 | 0.298827  | 0.196697 | 0.149104 |
| C07 Change-log diffing                  | 0.454738 | 0.495796  | 0.206166  | 0.463635 | 0.341397 | 0.238156  | 1         | 0.475764  | 0.309741  | -0.027443 | 0.567575  | 0.495533 | 0.260562 |
| C08 Temporal / concurrency reasoning    | 0.308562 | 0.5643    | 0.109484  | 0.610263 | 0.385547 | 0.323245  | 0.475764  | 1         | 0.284414  | -0.072315 | 0.36542   | 0.481145 | 0.32661  |
| C09 Unknown-should-remain-unknown       | 0.216477 | 0.315042  | -0.012333 | 0.228189 | 0.170478 | 0.088464  | 0.309741  | 0.284414  | 1         | -0.006215 | 0.371893  | 0.364293 | 0.220166 |
| C10 Domain-synonym enforcement          | 0.0716   | -0.015452 | 0.070404  | 0.032683 | 0.092856 | -0.045997 | -0.027443 | -0.072315 | -0.006215 | 1         | -0.021668 | 0.001635 | 0.066573 |
| C11 Performance analytics commentary    | 0.382414 | 0.349906  | 0.175874  | 0.440689 | 0.358173 | 0.298827  | 0.567575  | 0.36542   | 0.371893  | -0.021668 | 1         | 0.494254 | 0.353725 |
| C12 Misinformation injection            | 0.339771 | 0.35349   | 0.172847  | 0.395451 | 0.384436 | 0.196697  | 0.495533  | 0.481145  | 0.364293  | 0.001635  | 0.494254  | 1        | 0.412026 |
| C13 Edge-case / low-support prompts     | 0.230836 | 0.243509  | 0.119611  | 0.374469 | 0.348626 | 0.149104  | 0.260562  | 0.32661   | 0.220166  | 0.066573  | 0.353725  | 0.412026 | 1        |