# Inter-Features Correlation

| Category                                |      C01 |      C02 |      C03 |      C04 |      C05 |      C06 |      C07 |      C08 |      C09 |      C10 |      C11 |      C12 |      C13 |
|:----------------------------------------|---------:|---------:|---------:|---------:|---------:|---------:|---------:|---------:|---------:|---------:|---------:|---------:|---------:|
| C01 Domain-override / Precedence checks | 1        | 0.567317 | 0.41608  | 0.508948 | 0.417538 | 0.427137 | 0.477951 | 0.467196 | 0.4689   | 0.286508 | 0.567519 | 0.57078  | 0.518003 |
| C02 Event-log fact-extraction           | 0.567317 | 1        | 0.487708 | 0.679538 | 0.464933 | 0.606234 | 0.675211 | 0.598965 | 0.698499 | 0.367368 | 0.696107 | 0.780914 | 0.69057  |
| C03 Text to Model reconstruction        | 0.41608  | 0.487708 | 1        | 0.418901 | 0.412537 | 0.375242 | 0.462335 | 0.405225 | 0.505767 | 0.388464 | 0.465029 | 0.522693 | 0.444447 |
| C04 Compliance / Conformance reasoning  | 0.508948 | 0.679538 | 0.418901 | 1        | 0.612498 | 0.49816  | 0.582188 | 0.72911  | 0.553586 | 0.169483 | 0.652051 | 0.666587 | 0.520196 |
| C05 Counterfactual edits                | 0.417538 | 0.464933 | 0.412537 | 0.612498 | 1        | 0.390317 | 0.499974 | 0.527623 | 0.397735 | 0.254717 | 0.540219 | 0.515037 | 0.465423 |
| C06 Multi-process memory interference   | 0.427137 | 0.606234 | 0.375242 | 0.49816  | 0.390317 | 1        | 0.546553 | 0.497848 | 0.615243 | 0.280517 | 0.595147 | 0.611216 | 0.559048 |
| C07 Change-log diffing                  | 0.477951 | 0.675211 | 0.462335 | 0.582188 | 0.499974 | 0.546553 | 1        | 0.495628 | 0.688951 | 0.426671 | 0.726973 | 0.704705 | 0.586338 |
| C08 Temporal / concurrency reasoning    | 0.467196 | 0.598965 | 0.405225 | 0.72911  | 0.527623 | 0.497848 | 0.495628 | 1        | 0.533985 | 0.272665 | 0.588083 | 0.606855 | 0.482089 |
| C09 Unknown-should-remain-unknown       | 0.4689   | 0.698499 | 0.505767 | 0.553586 | 0.397735 | 0.615243 | 0.688951 | 0.533985 | 1        | 0.400116 | 0.669948 | 0.688718 | 0.636186 |
| C10 Domain-synonym enforcement          | 0.286508 | 0.367368 | 0.388464 | 0.169483 | 0.254717 | 0.280517 | 0.426671 | 0.272665 | 0.400116 | 1        | 0.347663 | 0.35601  | 0.405685 |
| C11 Performance analytics commentary    | 0.567519 | 0.696107 | 0.465029 | 0.652051 | 0.540219 | 0.595147 | 0.726973 | 0.588083 | 0.669948 | 0.347663 | 1        | 0.772922 | 0.611138 |
| C12 Misinformation injection            | 0.57078  | 0.780914 | 0.522693 | 0.666587 | 0.515037 | 0.611216 | 0.704705 | 0.606855 | 0.688718 | 0.35601  | 0.772922 | 1        | 0.666523 |
| C13 Edge-case / low-support prompts     | 0.518003 | 0.69057  | 0.444447 | 0.520196 | 0.465423 | 0.559048 | 0.586338 | 0.482089 | 0.636186 | 0.405685 | 0.611138 | 0.666523 | 1        |