# Inter-Features Correlation

| Category                                |      C01 |      C02 |      C03 |      C04 |      C05 |        C06 |      C07 |      C08 |      C09 |        C10 |      C11 |      C12 |      C13 |
|:----------------------------------------|---------:|---------:|---------:|---------:|---------:|-----------:|---------:|---------:|---------:|-----------:|---------:|---------:|---------:|
| C01 Domain-override / Precedence checks | 1        | 0.732179 | 0.545174 | 0.610781 | 0.428448 | 0.342504   | 0.44028  | 0.408085 | 0.399128 | 0.181191   | 0.412722 | 0.483154 | 0.689143 |
| C02 Event-log fact-extraction           | 0.732179 | 1        | 0.434057 | 0.574965 | 0.295585 | 0.250694   | 0.576655 | 0.500599 | 0.230816 | 0.341233   | 0.325281 | 0.484878 | 0.635848 |
| C03 Text to Model reconstruction        | 0.545174 | 0.434057 | 1        | 0.583539 | 0.669079 | 0.168169   | 0.434123 | 0.530286 | 0.375922 | 0.459557   | 0.371788 | 0.483971 | 0.625874 |
| C04 Compliance / Conformance reasoning  | 0.610781 | 0.574965 | 0.583539 | 1        | 0.512417 | 0.262242   | 0.517856 | 0.610497 | 0.379712 | 0.392629   | 0.537705 | 0.610382 | 0.639582 |
| C05 Counterfactual edits                | 0.428448 | 0.295585 | 0.669079 | 0.512417 | 1        | 0.238724   | 0.528273 | 0.522703 | 0.337738 | 0.376466   | 0.439084 | 0.468026 | 0.525767 |
| C06 Multi-process memory interference   | 0.342504 | 0.250694 | 0.168169 | 0.262242 | 0.238724 | 1          | 0.34099  | 0.229422 | 0.411322 | 0.00518419 | 0.632901 | 0.229998 | 0.294536 |
| C07 Change-log diffing                  | 0.44028  | 0.576655 | 0.434123 | 0.517856 | 0.528273 | 0.34099    | 1        | 0.55684  | 0.196157 | 0.378387   | 0.372774 | 0.466627 | 0.554967 |
| C08 Temporal / concurrency reasoning    | 0.408085 | 0.500599 | 0.530286 | 0.610497 | 0.522703 | 0.229422   | 0.55684  | 1        | 0.317041 | 0.501864   | 0.308221 | 0.560645 | 0.511132 |
| C09 Unknown-should-remain-unknown       | 0.399128 | 0.230816 | 0.375922 | 0.379712 | 0.337738 | 0.411322   | 0.196157 | 0.317041 | 1        | 0.339661   | 0.40216  | 0.599837 | 0.50516  |
| C10 Domain-synonym enforcement          | 0.181191 | 0.341233 | 0.459557 | 0.392629 | 0.376466 | 0.00518419 | 0.378387 | 0.501864 | 0.339661 | 1          | 0.180464 | 0.524649 | 0.452678 |
| C11 Performance analytics commentary    | 0.412722 | 0.325281 | 0.371788 | 0.537705 | 0.439084 | 0.632901   | 0.372774 | 0.308221 | 0.40216  | 0.180464   | 1        | 0.455181 | 0.426798 |
| C12 Misinformation injection            | 0.483154 | 0.484878 | 0.483971 | 0.610382 | 0.468026 | 0.229998   | 0.466627 | 0.560645 | 0.599837 | 0.524649   | 0.455181 | 1        | 0.691743 |
| C13 Edge-case / low-support prompts     | 0.689143 | 0.635848 | 0.625874 | 0.639582 | 0.525767 | 0.294536   | 0.554967 | 0.511132 | 0.50516  | 0.452678   | 0.426798 | 0.691743 | 1        |