# Inter-Features Correlation

| Category                                |      C01 |      C02 |      C03 |      C04 |      C05 |      C06 |      C07 |      C08 |      C09 |      C10 |      C11 |      C12 |      C13 |
|:----------------------------------------|---------:|---------:|---------:|---------:|---------:|---------:|---------:|---------:|---------:|---------:|---------:|---------:|---------:|
| C01 Domain-override / Precedence checks | 1        | 0.432168 | 0.341846 | 0.460747 | 0.307947 | 0.426023 | 0.394509 | 0.469008 | 0.439598 | 0.204589 | 0.495836 | 0.4585   | 0.414303 |
| C02 Event-log fact-extraction           | 0.432168 | 1        | 0.438727 | 0.631009 | 0.411064 | 0.584361 | 0.574655 | 0.605133 | 0.691452 | 0.260363 | 0.593909 | 0.716735 | 0.555561 |
| C03 Text to Model reconstruction        | 0.341846 | 0.438727 | 1        | 0.366728 | 0.34898  | 0.425277 | 0.423106 | 0.342213 | 0.50625  | 0.308884 | 0.460829 | 0.523147 | 0.36908  |
| C04 Compliance / Conformance reasoning  | 0.460747 | 0.631009 | 0.366728 | 1        | 0.60635  | 0.498447 | 0.502712 | 0.690724 | 0.489548 | 0.103935 | 0.571767 | 0.606668 | 0.459365 |
| C05 Counterfactual edits                | 0.307947 | 0.411064 | 0.34898  | 0.60635  | 1        | 0.409969 | 0.454386 | 0.501368 | 0.364855 | 0.247372 | 0.478501 | 0.438864 | 0.390695 |
| C06 Multi-process memory interference   | 0.426023 | 0.584361 | 0.425277 | 0.498447 | 0.409969 | 1        | 0.58345  | 0.544327 | 0.647308 | 0.274393 | 0.630405 | 0.599424 | 0.510884 |
| C07 Change-log diffing                  | 0.394509 | 0.574655 | 0.423106 | 0.502712 | 0.454386 | 0.58345  | 1        | 0.464155 | 0.695799 | 0.363445 | 0.639935 | 0.611491 | 0.472865 |
| C08 Temporal / concurrency reasoning    | 0.469008 | 0.605133 | 0.342213 | 0.690724 | 0.501368 | 0.544327 | 0.464155 | 1        | 0.480994 | 0.25569  | 0.577661 | 0.605102 | 0.445439 |
| C09 Unknown-should-remain-unknown       | 0.439598 | 0.691452 | 0.50625  | 0.489548 | 0.364855 | 0.647308 | 0.695799 | 0.480994 | 1        | 0.376703 | 0.665088 | 0.696836 | 0.558645 |
| C10 Domain-synonym enforcement          | 0.204589 | 0.260363 | 0.308884 | 0.103935 | 0.247372 | 0.274393 | 0.363445 | 0.25569  | 0.376703 | 1        | 0.266789 | 0.297557 | 0.354966 |
| C11 Performance analytics commentary    | 0.495836 | 0.593909 | 0.460829 | 0.571767 | 0.478501 | 0.630405 | 0.639935 | 0.577661 | 0.665088 | 0.266789 | 1        | 0.711911 | 0.480118 |
| C12 Misinformation injection            | 0.4585   | 0.716735 | 0.523147 | 0.606668 | 0.438864 | 0.599424 | 0.611491 | 0.605102 | 0.696836 | 0.297557 | 0.711911 | 1        | 0.527389 |
| C13 Edge-case / low-support prompts     | 0.414303 | 0.555561 | 0.36908  | 0.459365 | 0.390695 | 0.510884 | 0.472865 | 0.445439 | 0.558645 | 0.354966 | 0.480118 | 0.527389 | 1        |