# Inter-Features Correlation

| Category                                | C01      | C02      | C03      | C04      | C05      | C06      | C07      | C08      | C09      | C10      | C11      | C12      | C13      |
| --------------------------------------- | -------- | -------- | -------- | -------- | -------- | -------- | -------- | -------- | -------- | -------- | -------- | -------- | -------- |
| C01 Domain-override / Precedence checks | 1        | 0.351025 | 0.271717 | 0.29665  | 0.339834 | 0.216789 | 0.460601 | 0.274829 | 0.225795 | 0.139258 | 0.353364 | 0.335471 | 0.181842 |
| C02 Event-log fact-extraction           | 0.351025 | 1        | 0.249744 | 0.424439 | 0.297093 | 0.250795 | 0.440208 | 0.515446 | 0.263353 | 0.101654 | 0.249186 | 0.29171  | 0.159162 |
| C03 Text to Model reconstruction        | 0.271717 | 0.249744 | 1        | 0.299233 | 0.254219 | 0.181651 | 0.29996  | 0.21862  | -0.00707 | 0.072716 | 0.256538 | 0.287713 | 0.118572 |
| C04 Compliance / Conformance reasoning  | 0.29665  | 0.424439 | 0.299233 | 1        | 0.564888 | 0.343598 | 0.429631 | 0.579421 | 0.205252 | 0.130727 | 0.363795 | 0.351259 | 0.284868 |
| C05 Counterfactual edits                | 0.339834 | 0.297093 | 0.254219 | 0.564888 | 1        | 0.225634 | 0.347846 | 0.378989 | 0.202963 | 0.162692 | 0.355068 | 0.365016 | 0.401264 |
| C06 Multi-process memory interference   | 0.216789 | 0.250795 | 0.181651 | 0.343598 | 0.225634 | 1        | 0.261597 | 0.347251 | 0.053883 | -0.01058 | 0.294733 | 0.199932 | 0.137402 |
| C07 Change-log diffing                  | 0.460601 | 0.440208 | 0.29996  | 0.429631 | 0.347846 | 0.261597 | 1        | 0.359794 | 0.257533 | 0.0801   | 0.494481 | 0.466187 | 0.155322 |
| C08 Temporal / concurrency reasoning    | 0.274829 | 0.515446 | 0.21862  | 0.579421 | 0.378989 | 0.347251 | 0.359794 | 1        | 0.212773 | 0.034337 | 0.262899 | 0.410139 | 0.192405 |
| C09 Unknown-should-remain-unknown       | 0.225795 | 0.263353 | -0.00707 | 0.205252 | 0.202963 | 0.053883 | 0.257533 | 0.212773 | 1        | 0.04979  | 0.347542 | 0.348625 | 0.187138 |
| C10 Domain-synonym enforcement          | 0.139258 | 0.101654 | 0.072716 | 0.130727 | 0.162692 | -0.01058 | 0.0801   | 0.034337 | 0.04979  | 1        | 0.109885 | 0.129912 | 0.152548 |
| C11 Performance analytics commentary    | 0.353364 | 0.249186 | 0.256538 | 0.363795 | 0.355068 | 0.294733 | 0.494481 | 0.262899 | 0.347542 | 0.109885 | 1        | 0.502602 | 0.264468 |
| C12 Misinformation injection            | 0.335471 | 0.29171  | 0.287713 | 0.351259 | 0.365016 | 0.199932 | 0.466187 | 0.410139 | 0.348625 | 0.129912 | 0.502602 | 1        | 0.370179 |
| C13 Edge-case / low-support prompts     | 0.181842 | 0.159162 | 0.118572 | 0.284868 | 0.401264 | 0.137402 | 0.155322 | 0.192405 | 0.187138 | 0.152548 | 0.264468 | 0.370179 | 1        |