# Inter-Features Correlation

| Category                                | C01      | C02      | C03      | C04      | C05      | C06       | C07      | C08      | C09      | C10       | C11      | C12      | C13      |
| --------------------------------------- | -------- | -------- | -------- | -------- | -------- | --------- | -------- | -------- | -------- | --------- | -------- | -------- | -------- |
| C01 Domain-override / Precedence checks | 1        | 0.32502  | 0.231471 | 0.276823 | 0.337349 | 0.19794   | 0.4291   | 0.264848 | 0.217989 | 0.118774  | 0.332466 | 0.344801 | 0.185852 |
| C02 Event-log fact-extraction           | 0.32502  | 1        | 0.220808 | 0.442304 | 0.29193  | 0.275203  | 0.464123 | 0.531877 | 0.29966  | 0.074948  | 0.293791 | 0.31874  | 0.204639 |
| C03 Text to Model reconstruction        | 0.231471 | 0.220808 | 1        | 0.319181 | 0.217958 | 0.166531  | 0.302961 | 0.213947 | -0.00621 | 0.084563  | 0.248601 | 0.233663 | 0.139546 |
| C04 Compliance / Conformance reasoning  | 0.276823 | 0.442304 | 0.319181 | 1        | 0.540296 | 0.354464  | 0.468219 | 0.608434 | 0.23998  | 0.121807  | 0.402735 | 0.372211 | 0.349744 |
| C05 Counterfactual edits                | 0.337349 | 0.29193  | 0.217958 | 0.540296 | 1        | 0.229367  | 0.342627 | 0.394876 | 0.206449 | 0.166015  | 0.328532 | 0.370363 | 0.396852 |
| C06 Multi-process memory interference   | 0.19794  | 0.275203 | 0.166531 | 0.354464 | 0.229367 | 1         | 0.291929 | 0.370441 | 0.093229 | -0.034824 | 0.320446 | 0.215413 | 0.167409 |
| C07 Change-log diffing                  | 0.4291   | 0.464123 | 0.302961 | 0.468219 | 0.342627 | 0.291929  | 1        | 0.427485 | 0.310822 | 0.039645  | 0.550901 | 0.473626 | 0.235061 |
| C08 Temporal / concurrency reasoning    | 0.264848 | 0.531877 | 0.213947 | 0.608434 | 0.394876 | 0.370441  | 0.427485 | 1        | 0.270722 | 0.021399  | 0.343345 | 0.439422 | 0.289686 |
| C09 Unknown-should-remain-unknown       | 0.217989 | 0.29966  | -0.00621 | 0.23998  | 0.206449 | 0.093229  | 0.310822 | 0.270722 | 1        | 0.006038  | 0.401461 | 0.367119 | 0.231591 |
| C10 Domain-synonym enforcement          | 0.118774 | 0.074948 | 0.084563 | 0.121807 | 0.166015 | -0.034824 | 0.039645 | 0.021399 | 0.006038 | 1         | 0.037678 | 0.095052 | 0.144816 |
| C11 Performance analytics commentary    | 0.332466 | 0.293791 | 0.248601 | 0.402735 | 0.328532 | 0.320446  | 0.550901 | 0.343345 | 0.401461 | 0.037678  | 1        | 0.499318 | 0.329874 |
| C12 Misinformation injection            | 0.344801 | 0.31874  | 0.233663 | 0.372211 | 0.370363 | 0.215413  | 0.473626 | 0.439422 | 0.367119 | 0.095052  | 0.499318 | 1        | 0.399121 |
| C13 Edge-case / low-support prompts     | 0.185852 | 0.204639 | 0.139546 | 0.349744 | 0.396852 | 0.167409  | 0.235061 | 0.289686 | 0.231591 | 0.144816  | 0.329874 | 0.399121 | 1        |