# Inter-Features Correlation

| Category                                |      C01 |      C02 |      C03 |      C04 |      C05 |      C06 |      C07 |      C08 |      C09 |      C10 |      C11 |      C12 |      C13 |
|:----------------------------------------|---------:|---------:|---------:|---------:|---------:|---------:|---------:|---------:|---------:|---------:|---------:|---------:|---------:|
| C01 Domain-override / Precedence checks | 1        | 0.47864  | 0.386331 | 0.474256 | 0.336381 | 0.373867 | 0.426761 | 0.491334 | 0.447554 | 0.256329 | 0.534897 | 0.478085 | 0.446857 |
| C02 Event-log fact-extraction           | 0.47864  | 1        | 0.471189 | 0.65566  | 0.444447 | 0.532972 | 0.618754 | 0.635586 | 0.703948 | 0.312278 | 0.62215  | 0.728759 | 0.615277 |
| C03 Text to Model reconstruction        | 0.386331 | 0.471189 | 1        | 0.407159 | 0.386015 | 0.383622 | 0.449034 | 0.376359 | 0.497864 | 0.369815 | 0.481572 | 0.519197 | 0.407599 |
| C04 Compliance / Conformance reasoning  | 0.474256 | 0.65566  | 0.407159 | 1        | 0.611237 | 0.466168 | 0.522168 | 0.71625  | 0.524317 | 0.135279 | 0.582446 | 0.623337 | 0.475539 |
| C05 Counterfactual edits                | 0.336381 | 0.444447 | 0.386015 | 0.611237 | 1        | 0.381103 | 0.465338 | 0.523486 | 0.366885 | 0.289593 | 0.496843 | 0.442582 | 0.415103 |
| C06 Multi-process memory interference   | 0.373867 | 0.532972 | 0.383622 | 0.466168 | 0.381103 | 1        | 0.504322 | 0.511423 | 0.584691 | 0.230229 | 0.582605 | 0.560236 | 0.483741 |
| C07 Change-log diffing                  | 0.426761 | 0.618754 | 0.449034 | 0.522168 | 0.465338 | 0.504322 | 1        | 0.494957 | 0.703881 | 0.383619 | 0.667823 | 0.645153 | 0.523179 |
| C08 Temporal / concurrency reasoning    | 0.491334 | 0.635586 | 0.376359 | 0.71625  | 0.523486 | 0.511423 | 0.494957 | 1        | 0.509026 | 0.280311 | 0.590437 | 0.621676 | 0.490838 |
| C09 Unknown-should-remain-unknown       | 0.447554 | 0.703948 | 0.497864 | 0.524317 | 0.366885 | 0.584691 | 0.703881 | 0.509026 | 1        | 0.382426 | 0.663812 | 0.694056 | 0.612143 |
| C10 Domain-synonym enforcement          | 0.256329 | 0.312278 | 0.369815 | 0.135279 | 0.289593 | 0.230229 | 0.383619 | 0.280311 | 0.382426 | 1        | 0.32269  | 0.31145  | 0.358973 |
| C11 Performance analytics commentary    | 0.534897 | 0.62215  | 0.481572 | 0.582446 | 0.496843 | 0.582605 | 0.667823 | 0.590437 | 0.663812 | 0.32269  | 1        | 0.712125 | 0.53921  |
| C12 Misinformation injection            | 0.478085 | 0.728759 | 0.519197 | 0.623337 | 0.442582 | 0.560236 | 0.645153 | 0.621676 | 0.694056 | 0.31145  | 0.712125 | 1        | 0.587518 |
| C13 Edge-case / low-support prompts     | 0.446857 | 0.615277 | 0.407599 | 0.475539 | 0.415103 | 0.483741 | 0.523179 | 0.490838 | 0.612143 | 0.358973 | 0.53921  | 0.587518 | 1        |