# Inter-Features Correlation

| Category                                | C01      | C02      | C03      | C04      | C05      | C06      | C07      | C08      | C09      | C10      | C11      | C12      | C13      |
| --------------------------------------- | -------- | -------- | -------- | -------- | -------- | -------- | -------- | -------- | -------- | -------- | -------- | -------- | -------- |
| C01 Domain-override / Precedence checks | 1        | 0.582602 | 0.439986 | 0.543331 | 0.473737 | 0.436087 | 0.511097 | 0.487978 | 0.493276 | 0.179044 | 0.60264  | 0.600512 | 0.502103 |
| C02 Event-log fact-extraction           | 0.582602 | 1        | 0.495185 | 0.70011  | 0.495317 | 0.633297 | 0.702379 | 0.623123 | 0.719447 | 0.31245  | 0.719531 | 0.800121 | 0.673828 |
| C03 Text to Model reconstruction        | 0.439986 | 0.495185 | 1        | 0.414741 | 0.418337 | 0.388941 | 0.459613 | 0.402384 | 0.475263 | 0.282262 | 0.478612 | 0.521374 | 0.408674 |
| C04 Compliance / Conformance reasoning  | 0.543331 | 0.70011  | 0.414741 | 1        | 0.622186 | 0.518596 | 0.612454 | 0.746737 | 0.573209 | 0.131492 | 0.669959 | 0.680704 | 0.545046 |
| C05 Counterfactual edits                | 0.473737 | 0.495317 | 0.418337 | 0.622186 | 1        | 0.383297 | 0.499551 | 0.544956 | 0.416514 | 0.152103 | 0.565761 | 0.548542 | 0.480088 |
| C06 Multi-process memory interference   | 0.436087 | 0.633297 | 0.388941 | 0.518596 | 0.383297 | 1        | 0.583395 | 0.511537 | 0.629252 | 0.228003 | 0.627082 | 0.63153  | 0.531362 |
| C07 Change-log diffing                  | 0.511097 | 0.702379 | 0.459613 | 0.612454 | 0.499551 | 0.583395 | 1        | 0.518107 | 0.707366 | 0.346078 | 0.747837 | 0.721881 | 0.589486 |
| C08 Temporal / concurrency reasoning    | 0.487978 | 0.623123 | 0.402384 | 0.746737 | 0.544956 | 0.511537 | 0.518107 | 1        | 0.549108 | 0.213441 | 0.601566 | 0.617647 | 0.488004 |
| C09 Unknown-should-remain-unknown       | 0.493276 | 0.719447 | 0.475263 | 0.573209 | 0.416514 | 0.629252 | 0.707366 | 0.549108 | 1        | 0.320937 | 0.691066 | 0.717019 | 0.620515 |
| C10 Domain-synonym enforcement          | 0.179044 | 0.31245  | 0.282262 | 0.131492 | 0.152103 | 0.228003 | 0.346078 | 0.213441 | 0.320937 | 1        | 0.2407   | 0.26607  | 0.33552  |
| C11 Performance analytics commentary    | 0.60264  | 0.719531 | 0.478612 | 0.669959 | 0.565761 | 0.627082 | 0.747837 | 0.601566 | 0.691066 | 0.2407   | 1        | 0.796658 | 0.58621  |
| C12 Misinformation injection            | 0.600512 | 0.800121 | 0.521374 | 0.680704 | 0.548542 | 0.63153  | 0.721881 | 0.617647 | 0.717019 | 0.26607  | 0.796658 | 1        | 0.657855 |
| C13 Edge-case / low-support prompts     | 0.502103 | 0.673828 | 0.408674 | 0.545046 | 0.480088 | 0.531362 | 0.589486 | 0.488004 | 0.620515 | 0.33552  | 0.58621  | 0.657855 | 1        |