# Inter-Features Correlation

| Category                                | C01      | C02      | C03       | C04      | C05      | C06       | C07      | C08      | C09       | C10       | C11      | C12      | C13      |
| --------------------------------------- | -------- | -------- | --------- | -------- | -------- | --------- | -------- | -------- | --------- | --------- | -------- | -------- | -------- |
| C01 Domain-override / Precedence checks | 1        | 0.357155 | 0.267795  | 0.307161 | 0.346429 | 0.219542  | 0.464901 | 0.286867 | 0.23006   | 0.146862  | 0.355944 | 0.345721 | 0.196399 |
| C02 Event-log fact-extraction           | 0.357155 | 1        | 0.245     | 0.434602 | 0.305546 | 0.253683  | 0.445442 | 0.523303 | 0.268012  | 0.111083  | 0.25273  | 0.306599 | 0.177812 |
| C03 Text to Model reconstruction        | 0.267795 | 0.245    | 1         | 0.28771  | 0.249049 | 0.180113  | 0.29594  | 0.206077 | -0.008948 | 0.069343  | 0.254611 | 0.273276 | 0.108936 |
| C04 Compliance / Conformance reasoning  | 0.307161 | 0.434602 | 0.28771   | 1        | 0.572548 | 0.345085  | 0.43706  | 0.597314 | 0.213081  | 0.146641  | 0.366084 | 0.379269 | 0.315057 |
| C05 Counterfactual edits                | 0.346429 | 0.305546 | 0.249049  | 0.572548 | 1        | 0.228809  | 0.354316 | 0.392378 | 0.208359  | 0.172033  | 0.357954 | 0.378877 | 0.41383  |
| C06 Multi-process memory interference   | 0.219542 | 0.253683 | 0.180113  | 0.345085 | 0.228809 | 1         | 0.264119 | 0.34762  | 0.056403  | -0.006307 | 0.296215 | 0.204223 | 0.143306 |
| C07 Change-log diffing                  | 0.464901 | 0.445442 | 0.29594   | 0.43706  | 0.354316 | 0.264119  | 1        | 0.369213 | 0.261589  | 0.088183  | 0.496318 | 0.472438 | 0.17053  |
| C08 Temporal / concurrency reasoning    | 0.286867 | 0.523303 | 0.206077  | 0.597314 | 0.392378 | 0.34762   | 0.369213 | 1        | 0.221024  | 0.055554  | 0.26697  | 0.440245 | 0.232556 |
| C09 Unknown-should-remain-unknown       | 0.23006  | 0.268012 | -0.008948 | 0.213081 | 0.208359 | 0.056403  | 0.261589 | 0.221024 | 1         | 0.05564   | 0.349535 | 0.353101 | 0.195998 |
| C10 Domain-synonym enforcement          | 0.146862 | 0.111083 | 0.069343  | 0.146641 | 0.172033 | -0.006307 | 0.088183 | 0.055554 | 0.05564   | 1         | 0.114099 | 0.148272 | 0.169838 |
| C11 Performance analytics commentary    | 0.355944 | 0.25273  | 0.254611  | 0.366084 | 0.357954 | 0.296215  | 0.496318 | 0.26697  | 0.349535  | 0.114099  | 1        | 0.500156 | 0.268551 |
| C12 Misinformation injection            | 0.345721 | 0.306599 | 0.273276  | 0.379269 | 0.378877 | 0.204223  | 0.472438 | 0.440245 | 0.353101  | 0.148272  | 0.500156 | 1        | 0.401606 |
| C13 Edge-case / low-support prompts     | 0.196399 | 0.177812 | 0.108936  | 0.315057 | 0.41383  | 0.143306  | 0.17053  | 0.232556 | 0.195998  | 0.169838  | 0.268551 | 0.401606 | 1        |