# Inter-Features Correlation

| Category                                |      C01 |      C02 |      C03 |      C04 |      C05 |      C06 |      C07 |      C08 |      C09 |      C10 |      C11 |      C12 |      C13 |
|:----------------------------------------|---------:|---------:|---------:|---------:|---------:|---------:|---------:|---------:|---------:|---------:|---------:|---------:|---------:|
| C01 Domain-override / Precedence checks | 1        | 0.543699 | 0.45637  | 0.43513  | 0.438764 | 0.384619 | 0.447767 | 0.316741 | 0.374873 | 0.264974 | 0.453468 | 0.440343 | 0.508052 |
| C02 Event-log fact-extraction           | 0.543699 | 1        | 0.429165 | 0.550054 | 0.373521 | 0.438826 | 0.559238 | 0.469726 | 0.296143 | 0.417435 | 0.313379 | 0.581151 | 0.690678 |
| C03 Text to Model reconstruction        | 0.45637  | 0.429165 | 1        | 0.461502 | 0.496121 | 0.331773 | 0.450238 | 0.45874  | 0.368364 | 0.526903 | 0.399843 | 0.437835 | 0.478521 |
| C04 Compliance / Conformance reasoning  | 0.43513  | 0.550054 | 0.461502 | 1        | 0.556291 | 0.298435 | 0.521881 | 0.577932 | 0.402658 | 0.403308 | 0.437984 | 0.607649 | 0.582166 |
| C05 Counterfactual edits                | 0.438764 | 0.373521 | 0.496121 | 0.556291 | 1        | 0.362658 | 0.488133 | 0.531454 | 0.29184  | 0.526565 | 0.473631 | 0.460428 | 0.422635 |
| C06 Multi-process memory interference   | 0.384619 | 0.438826 | 0.331773 | 0.298435 | 0.362658 | 1        | 0.275628 | 0.307295 | 0.29643  | 0.263232 | 0.521737 | 0.417843 | 0.333194 |
| C07 Change-log diffing                  | 0.447767 | 0.559238 | 0.450238 | 0.521881 | 0.488133 | 0.275628 | 1        | 0.578904 | 0.26625  | 0.47176  | 0.465295 | 0.532252 | 0.549336 |
| C08 Temporal / concurrency reasoning    | 0.316741 | 0.469726 | 0.45874  | 0.577932 | 0.531454 | 0.307295 | 0.578904 | 1        | 0.330346 | 0.502522 | 0.364222 | 0.566537 | 0.400869 |
| C09 Unknown-should-remain-unknown       | 0.374873 | 0.296143 | 0.368364 | 0.402658 | 0.29184  | 0.29643  | 0.26625  | 0.330346 | 1        | 0.392857 | 0.311509 | 0.579598 | 0.467018 |
| C10 Domain-synonym enforcement          | 0.264974 | 0.417435 | 0.526903 | 0.403308 | 0.526565 | 0.263232 | 0.47176  | 0.502522 | 0.392857 | 1        | 0.350157 | 0.479102 | 0.45739  |
| C11 Performance analytics commentary    | 0.453468 | 0.313379 | 0.399843 | 0.437984 | 0.473631 | 0.521737 | 0.465295 | 0.364222 | 0.311509 | 0.350157 | 1        | 0.390649 | 0.367988 |
| C12 Misinformation injection            | 0.440343 | 0.581151 | 0.437835 | 0.607649 | 0.460428 | 0.417843 | 0.532252 | 0.566537 | 0.579598 | 0.479102 | 0.390649 | 1        | 0.709355 |
| C13 Edge-case / low-support prompts     | 0.508052 | 0.690678 | 0.478521 | 0.582166 | 0.422635 | 0.333194 | 0.549336 | 0.400869 | 0.467018 | 0.45739  | 0.367988 | 0.709355 | 1        |