# Inter-Features Correlation

| Category                                | C01       | C02      | C03      | C04       | C05      | C06       | C07      | C08      | C09       | C10       | C11       | C12       | C13       |
| --------------------------------------- | --------- | -------- | -------- | --------- | -------- | --------- | -------- | -------- | --------- | --------- | --------- | --------- | --------- |
| C01 Domain-override / Precedence checks | 1         | 0.299613 | 0.285197 | 0.326023  | 0.313622 | 0.135562  | 0.153051 | 0.293296 | 0.178812  | -0.029186 | 0.401925  | 0.323517  | 0.13508   |
| C02 Event-log fact-extraction           | 0.299613  | 1        | 0.122885 | 0.4989    | 0.38717  | 0.006224  | 0.19907  | 0.495918 | 0.543781  | 0.054014  | 0.307075  | 0.293322  | 0.390465  |
| C03 Text to Model reconstruction        | 0.285197  | 0.122885 | 1        | 0.1394    | 0.187377 | 0.109222  | 0.096687 | 0.127832 | 0.027988  | 0.122714  | 0.173729  | 0.132859  | 0.143648  |
| C04 Compliance / Conformance reasoning  | 0.326023  | 0.4989   | 0.1394   | 1         | 0.527578 | 0.299656  | 0.304466 | 0.685194 | 0.271779  | -0.028938 | 0.33555   | 0.337851  | 0.269348  |
| C05 Counterfactual edits                | 0.313622  | 0.38717  | 0.187377 | 0.527578  | 1        | 0.105186  | 0.20336  | 0.411107 | 0.193193  | 0.079404  | 0.320849  | 0.345323  | 0.305875  |
| C06 Multi-process memory interference   | 0.135562  | 0.006224 | 0.109222 | 0.299656  | 0.105186 | 1         | 0.109524 | 0.124536 | -0.067838 | 0.023372  | 0.291378  | 0.00709   | -0.01597  |
| C07 Change-log diffing                  | 0.153051  | 0.19907  | 0.096687 | 0.304466  | 0.20336  | 0.109524  | 1        | 0.138329 | 0.356985  | 0.0123    | 0.250854  | 0.25895   | 0.183171  |
| C08 Temporal / concurrency reasoning    | 0.293296  | 0.495918 | 0.127832 | 0.685194  | 0.411107 | 0.124536  | 0.138329 | 1        | 0.251915  | 0.052532  | 0.233656  | 0.292347  | 0.216504  |
| C09 Unknown-should-remain-unknown       | 0.178812  | 0.543781 | 0.027988 | 0.271779  | 0.193193 | -0.067838 | 0.356985 | 0.251915 | 1         | -0.075952 | 0.382683  | 0.43475   | 0.321013  |
| C10 Domain-synonym enforcement          | -0.029186 | 0.054014 | 0.122714 | -0.028938 | 0.079404 | 0.023372  | 0.0123   | 0.052532 | -0.075952 | 1         | -0.156036 | -0.086414 | 0.253183  |
| C11 Performance analytics commentary    | 0.401925  | 0.307075 | 0.173729 | 0.33555   | 0.320849 | 0.291378  | 0.250854 | 0.233656 | 0.382683  | -0.156036 | 1         | 0.285938  | -0.018476 |
| C12 Misinformation injection            | 0.323517  | 0.293322 | 0.132859 | 0.337851  | 0.345323 | 0.00709   | 0.25895  | 0.292347 | 0.43475   | -0.086414 | 0.285938  | 1         | 0.28766   |
| C13 Edge-case / low-support prompts     | 0.13508   | 0.390465 | 0.143648 | 0.269348  | 0.305875 | -0.01597  | 0.183171 | 0.216504 | 0.321013  | 0.253183  | -0.018476 | 0.28766   | 1         |