# Inter-Features Correlation

| Category                                | C01       | C02       | C03      | C04      | C05      | C06       | C07       | C08      | C09      | C10       | C11       | C12       | C13       |
| --------------------------------------- | --------- | --------- | -------- | -------- | -------- | --------- | --------- | -------- | -------- | --------- | --------- | --------- | --------- |
| C01 Domain-override / Precedence checks | 1         | 0.298618  | 0.311575 | 0.328292 | 0.326832 | 0.104613  | 0.198581  | 0.245166 | 0.186548 | -0.047662 | 0.450767  | 0.352199  | 0.142484  |
| C02 Event-log fact-extraction           | 0.298618  | 1         | 0.136474 | 0.47903  | 0.352736 | -0.019395 | 0.230579  | 0.48109  | 0.538149 | 0.073972  | 0.33414   | 0.296435  | 0.400495  |
| C03 Text to Model reconstruction        | 0.311575  | 0.136474  | 1        | 0.144363 | 0.229477 | 0.108629  | 0.091331  | 0.13186  | 0.053576 | 0.092629  | 0.158985  | 0.116686  | 0.131984  |
| C04 Compliance / Conformance reasoning  | 0.328292  | 0.47903   | 0.144363 | 1        | 0.493581 | 0.27431   | 0.318933  | 0.699178 | 0.264597 | -0.03419  | 0.350639  | 0.341922  | 0.25401   |
| C05 Counterfactual edits                | 0.326832  | 0.352736  | 0.229477 | 0.493581 | 1        | 0.080265  | 0.155347  | 0.399758 | 0.169196 | 0.078934  | 0.34421   | 0.325269  | 0.295472  |
| C06 Multi-process memory interference   | 0.104613  | -0.019395 | 0.108629 | 0.27431  | 0.080265 | 1         | 0.156474  | 0.119558 | -0.08326 | 0.025857  | 0.278194  | 0.018842  | -0.030522 |
| C07 Change-log diffing                  | 0.198581  | 0.230579  | 0.091331 | 0.318933 | 0.155347 | 0.156474  | 1         | 0.177381 | 0.431835 | -0.041088 | 0.294149  | 0.294026  | 0.174159  |
| C08 Temporal / concurrency reasoning    | 0.245166  | 0.48109   | 0.13186  | 0.699178 | 0.399758 | 0.119558  | 0.177381  | 1        | 0.251954 | 0.064213  | 0.240551  | 0.264299  | 0.240059  |
| C09 Unknown-should-remain-unknown       | 0.186548  | 0.538149  | 0.053576 | 0.264597 | 0.169196 | -0.08326  | 0.431835  | 0.251954 | 1        | -0.055    | 0.420405  | 0.512093  | 0.3472    |
| C10 Domain-synonym enforcement          | -0.047662 | 0.073972  | 0.092629 | -0.03419 | 0.078934 | 0.025857  | -0.041088 | 0.064213 | -0.055   | 1         | -0.201529 | -0.146738 | 0.238612  |
| C11 Performance analytics commentary    | 0.450767  | 0.33414   | 0.158985 | 0.350639 | 0.34421  | 0.278194  | 0.294149  | 0.240551 | 0.420405 | -0.201529 | 1         | 0.430904  | 0.044596  |
| C12 Misinformation injection            | 0.352199  | 0.296435  | 0.116686 | 0.341922 | 0.325269 | 0.018842  | 0.294026  | 0.264299 | 0.512093 | -0.146738 | 0.430904  | 1         | 0.269413  |
| C13 Edge-case / low-support prompts     | 0.142484  | 0.400495  | 0.131984 | 0.25401  | 0.295472 | -0.030522 | 0.174159  | 0.240059 | 0.3472   | 0.238612  | 0.044596  | 0.269413  | 1         |