# Inter-Features Correlation

| Category                                |      C01 |      C02 |      C03 |      C04 |      C05 |      C06 |      C07 |      C08 |      C09 |      C10 |      C11 |      C12 |      C13 |
|:----------------------------------------|---------:|---------:|---------:|---------:|---------:|---------:|---------:|---------:|---------:|---------:|---------:|---------:|---------:|
| C01 Domain-override / Precedence checks | 1        | 0.568872 | 0.417066 | 0.513367 | 0.420288 | 0.427919 | 0.478043 | 0.470038 | 0.484347 | 0.286045 | 0.574793 | 0.570361 | 0.526729 |
| C02 Event-log fact-extraction           | 0.568872 | 1        | 0.495125 | 0.677627 | 0.464731 | 0.608428 | 0.676955 | 0.603087 | 0.718979 | 0.374982 | 0.694192 | 0.780358 | 0.702943 |
| C03 Text to Model reconstruction        | 0.417066 | 0.495125 | 1        | 0.430975 | 0.410543 | 0.372907 | 0.4743   | 0.401832 | 0.506064 | 0.387364 | 0.482737 | 0.528972 | 0.441311 |
| C04 Compliance / Conformance reasoning  | 0.513367 | 0.677627 | 0.430975 | 1        | 0.617709 | 0.502407 | 0.584718 | 0.73777  | 0.57277  | 0.178874 | 0.650213 | 0.667664 | 0.53222  |
| C05 Counterfactual edits                | 0.420288 | 0.464731 | 0.410543 | 0.617709 | 1        | 0.386273 | 0.512488 | 0.522978 | 0.387613 | 0.260609 | 0.544725 | 0.518379 | 0.460175 |
| C06 Multi-process memory interference   | 0.427919 | 0.608428 | 0.372907 | 0.502407 | 0.386273 | 1        | 0.555289 | 0.495087 | 0.619062 | 0.282435 | 0.605184 | 0.614153 | 0.558344 |
| C07 Change-log diffing                  | 0.478043 | 0.676955 | 0.4743   | 0.584718 | 0.512488 | 0.555289 | 1        | 0.509063 | 0.733266 | 0.431405 | 0.730569 | 0.703699 | 0.612815 |
| C08 Temporal / concurrency reasoning    | 0.470038 | 0.603087 | 0.401832 | 0.73777  | 0.522978 | 0.495087 | 0.509063 | 1        | 0.528989 | 0.275697 | 0.601311 | 0.612808 | 0.476286 |
| C09 Unknown-should-remain-unknown       | 0.484347 | 0.718979 | 0.506064 | 0.57277  | 0.387613 | 0.619062 | 0.733266 | 0.528989 | 1        | 0.414614 | 0.705075 | 0.714857 | 0.626257 |
| C10 Domain-synonym enforcement          | 0.286045 | 0.374982 | 0.387364 | 0.178874 | 0.260609 | 0.282435 | 0.431405 | 0.275697 | 0.414614 | 1        | 0.364518 | 0.359886 | 0.41253  |
| C11 Performance analytics commentary    | 0.574793 | 0.694192 | 0.482737 | 0.650213 | 0.544725 | 0.605184 | 0.730569 | 0.601311 | 0.705075 | 0.364518 | 1        | 0.775385 | 0.636804 |
| C12 Misinformation injection            | 0.570361 | 0.780358 | 0.528972 | 0.667664 | 0.518379 | 0.614153 | 0.703699 | 0.612808 | 0.714857 | 0.359886 | 0.775385 | 1        | 0.681815 |
| C13 Edge-case / low-support prompts     | 0.526729 | 0.702943 | 0.441311 | 0.53222  | 0.460175 | 0.558344 | 0.612815 | 0.476286 | 0.626257 | 0.41253  | 0.636804 | 0.681815 | 1        |