# Inter-Features Correlation

| Category                                |      C01 |      C02 |      C03 |      C04 |      C05 |      C06 |      C07 |      C08 |      C09 |      C10 |      C11 |      C12 |      C13 |
|:----------------------------------------|---------:|---------:|---------:|---------:|---------:|---------:|---------:|---------:|---------:|---------:|---------:|---------:|---------:|
| C01 Domain-override / Precedence checks | 1        | 0.48016  | 0.387559 | 0.483248 | 0.353519 | 0.376369 | 0.435937 | 0.504868 | 0.452675 | 0.257562 | 0.530414 | 0.477709 | 0.456027 |
| C02 Event-log fact-extraction           | 0.48016  | 1        | 0.477901 | 0.656377 | 0.44784  | 0.532875 | 0.61906  | 0.637602 | 0.7045   | 0.310385 | 0.622812 | 0.729722 | 0.595411 |
| C03 Text to Model reconstruction        | 0.387559 | 0.477901 | 1        | 0.390399 | 0.382075 | 0.388164 | 0.463569 | 0.374595 | 0.509885 | 0.356734 | 0.500392 | 0.53902  | 0.397362 |
| C04 Compliance / Conformance reasoning  | 0.483248 | 0.656377 | 0.390399 | 1        | 0.610398 | 0.468269 | 0.537391 | 0.716226 | 0.531127 | 0.133833 | 0.583826 | 0.62685  | 0.493449 |
| C05 Counterfactual edits                | 0.353519 | 0.44784  | 0.382075 | 0.610398 | 1        | 0.38412  | 0.473824 | 0.520445 | 0.371703 | 0.290222 | 0.504755 | 0.449039 | 0.413996 |
| C06 Multi-process memory interference   | 0.376369 | 0.532875 | 0.388164 | 0.468269 | 0.38412  | 1        | 0.505048 | 0.513214 | 0.585017 | 0.230328 | 0.581555 | 0.559688 | 0.471663 |
| C07 Change-log diffing                  | 0.435937 | 0.61906  | 0.463569 | 0.537391 | 0.473824 | 0.505048 | 1        | 0.500371 | 0.702228 | 0.393757 | 0.660993 | 0.638116 | 0.512484 |
| C08 Temporal / concurrency reasoning    | 0.504868 | 0.637602 | 0.374595 | 0.716226 | 0.520445 | 0.513214 | 0.500371 | 1        | 0.512277 | 0.280341 | 0.59486  | 0.625559 | 0.484649 |
| C09 Unknown-should-remain-unknown       | 0.452675 | 0.7045   | 0.509885 | 0.531127 | 0.371703 | 0.585017 | 0.702228 | 0.512277 | 1        | 0.385648 | 0.661644 | 0.691824 | 0.592862 |
| C10 Domain-synonym enforcement          | 0.257562 | 0.310385 | 0.356734 | 0.133833 | 0.290222 | 0.230328 | 0.393757 | 0.280341 | 0.385648 | 1        | 0.318982 | 0.310064 | 0.375225 |
| C11 Performance analytics commentary    | 0.530414 | 0.622812 | 0.500392 | 0.583826 | 0.504755 | 0.581555 | 0.660993 | 0.59486  | 0.661644 | 0.318982 | 1        | 0.713074 | 0.502009 |
| C12 Misinformation injection            | 0.477709 | 0.729722 | 0.53902  | 0.62685  | 0.449039 | 0.559688 | 0.638116 | 0.625559 | 0.691824 | 0.310064 | 0.713074 | 1        | 0.550667 |
| C13 Edge-case / low-support prompts     | 0.456027 | 0.595411 | 0.397362 | 0.493449 | 0.413996 | 0.471663 | 0.512484 | 0.484649 | 0.592862 | 0.375225 | 0.502009 | 0.550667 | 1        |