# Inter-Features Correlation

| Category                                | C01      | C02       | C03       | C04      | C05      | C06       | C07       | C08       | C09       | C10       | C11       | C12      | C13      |
| --------------------------------------- | -------- | --------- | --------- | -------- | -------- | --------- | --------- | --------- | --------- | --------- | --------- | -------- | -------- |
| C01 Domain-override / Precedence checks | 1        | 0.346684  | 0.201854  | 0.315713 | 0.318437 | 0.16611   | 0.449953  | 0.304916  | 0.21744   | 0.071482  | 0.37885   | 0.336017 | 0.228807 |
| C02 Event-log fact-extraction           | 0.346684 | 1         | 0.147947  | 0.487869 | 0.310008 | 0.293548  | 0.485715  | 0.559049  | 0.313321  | -0.019693 | 0.345523  | 0.349457 | 0.245545 |
| C03 Text to Model reconstruction        | 0.201854 | 0.147947  | 1         | 0.207088 | 0.08583  | 0.129437  | 0.200806  | 0.110156  | -0.005776 | 0.07573   | 0.171003  | 0.167664 | 0.109534 |
| C04 Compliance / Conformance reasoning  | 0.315713 | 0.487869  | 0.207088  | 1        | 0.555449 | 0.358315  | 0.481683  | 0.625579  | 0.239397  | 0.039488  | 0.445147  | 0.399115 | 0.370941 |
| C05 Counterfactual edits                | 0.318437 | 0.310008  | 0.08583   | 0.555449 | 1        | 0.248399  | 0.359946  | 0.401538  | 0.183561  | 0.101762  | 0.363259  | 0.389256 | 0.344105 |
| C06 Multi-process memory interference   | 0.16611  | 0.293548  | 0.129437  | 0.358315 | 0.248399 | 1         | 0.237052  | 0.321872  | 0.086871  | -0.047605 | 0.298214  | 0.195831 | 0.150685 |
| C07 Change-log diffing                  | 0.449953 | 0.485715  | 0.200806  | 0.481683 | 0.359946 | 0.237052  | 1         | 0.469185  | 0.311549  | -0.031374 | 0.565321  | 0.492183 | 0.260027 |
| C08 Temporal / concurrency reasoning    | 0.304916 | 0.559049  | 0.110156  | 0.625579 | 0.401538 | 0.321872  | 0.469185  | 1         | 0.280224  | -0.078073 | 0.363133  | 0.480251 | 0.33279  |
| C09 Unknown-should-remain-unknown       | 0.21744  | 0.313321  | -0.005776 | 0.239397 | 0.183561 | 0.086871  | 0.311549  | 0.280224  | 1         | -0.01269  | 0.375254  | 0.368024 | 0.231433 |
| C10 Domain-synonym enforcement          | 0.071482 | -0.019693 | 0.07573   | 0.039488 | 0.101762 | -0.047605 | -0.031374 | -0.078073 | -0.01269  | 1         | -0.021406 | 0.002328 | 0.073526 |
| C11 Performance analytics commentary    | 0.37885  | 0.345523  | 0.171003  | 0.445147 | 0.363259 | 0.298214  | 0.565321  | 0.363133  | 0.375254  | -0.021406 | 1         | 0.491202 | 0.351569 |
| C12 Misinformation injection            | 0.336017 | 0.349457  | 0.167664  | 0.399115 | 0.389256 | 0.195831  | 0.492183  | 0.480251  | 0.368024  | 0.002328  | 0.491202  | 1        | 0.410027 |
| C13 Edge-case / low-support prompts     | 0.228807 | 0.245545  | 0.109534  | 0.370941 | 0.344105 | 0.150685  | 0.260027  | 0.33279   | 0.231433  | 0.073526  | 0.351569  | 0.410027 | 1        |