# Inter-Features Correlation

| Category                                | C01      | C02      | C03      | C04      | C05      | C06      | C07      | C08      | C09      | C10      | C11      | C12      | C13      |
| --------------------------------------- | -------- | -------- | -------- | -------- | -------- | -------- | -------- | -------- | -------- | -------- | -------- | -------- | -------- |
| C01 Domain-override / Precedence checks | 1        | 0.560523 | 0.434443 | 0.516091 | 0.463804 | 0.412906 | 0.479339 | 0.45866  | 0.473041 | 0.179448 | 0.553857 | 0.570391 | 0.481267 |
| C02 Event-log fact-extraction           | 0.560523 | 1        | 0.490073 | 0.690339 | 0.483607 | 0.633313 | 0.691245 | 0.618854 | 0.721358 | 0.290311 | 0.711199 | 0.799609 | 0.677912 |
| C03 Text to Model reconstruction        | 0.434443 | 0.490073 | 1        | 0.418516 | 0.421449 | 0.385665 | 0.451909 | 0.413267 | 0.462997 | 0.267753 | 0.45871  | 0.512919 | 0.397951 |
| C04 Compliance / Conformance reasoning  | 0.516091 | 0.690339 | 0.418516 | 1        | 0.606121 | 0.521012 | 0.605711 | 0.749756 | 0.552463 | 0.100892 | 0.645895 | 0.676314 | 0.532285 |
| C05 Counterfactual edits                | 0.463804 | 0.483607 | 0.421449 | 0.606121 | 1        | 0.368642 | 0.486719 | 0.538643 | 0.403893 | 0.144524 | 0.524149 | 0.537772 | 0.469153 |
| C06 Multi-process memory interference   | 0.412906 | 0.633313 | 0.385665 | 0.521012 | 0.368642 | 1        | 0.583557 | 0.516197 | 0.614685 | 0.208768 | 0.623559 | 0.6336   | 0.525952 |
| C07 Change-log diffing                  | 0.479339 | 0.691245 | 0.451909 | 0.605711 | 0.486719 | 0.583557 | 1        | 0.519207 | 0.677055 | 0.327631 | 0.730496 | 0.712486 | 0.570843 |
| C08 Temporal / concurrency reasoning    | 0.45866  | 0.618854 | 0.413267 | 0.749756 | 0.538643 | 0.516197 | 0.519207 | 1        | 0.532098 | 0.182468 | 0.5862   | 0.617787 | 0.4797   |
| C09 Unknown-should-remain-unknown       | 0.473041 | 0.721358 | 0.462997 | 0.552463 | 0.403893 | 0.614685 | 0.677055 | 0.532098 | 1        | 0.292309 | 0.678579 | 0.710862 | 0.631973 |
| C10 Domain-synonym enforcement          | 0.179448 | 0.290311 | 0.267753 | 0.100892 | 0.144524 | 0.208768 | 0.327631 | 0.182468 | 0.292309 | 1        | 0.221106 | 0.242032 | 0.310197 |
| C11 Performance analytics commentary    | 0.553857 | 0.711199 | 0.45871  | 0.645895 | 0.524149 | 0.623559 | 0.730496 | 0.5862   | 0.678579 | 0.221106 | 1        | 0.783767 | 0.578674 |
| C12 Misinformation injection            | 0.570391 | 0.799609 | 0.512919 | 0.676314 | 0.537772 | 0.6336   | 0.712486 | 0.617787 | 0.710862 | 0.242032 | 0.783767 | 1        | 0.660539 |
| C13 Edge-case / low-support prompts     | 0.481267 | 0.677912 | 0.397951 | 0.532285 | 0.469153 | 0.525952 | 0.570843 | 0.4797   | 0.631973 | 0.310197 | 0.578674 | 0.660539 | 1        |