# Inter-Features Correlation

| Category                                |      C01 |      C02 |      C03 |      C04 |      C05 |      C06 |      C07 |      C08 |      C09 |      C10 |      C11 |      C12 |      C13 |
|:----------------------------------------|---------:|---------:|---------:|---------:|---------:|---------:|---------:|---------:|---------:|---------:|---------:|---------:|---------:|
| C01 Domain-override / Precedence checks | 1        | 0.581836 | 0.508489 | 0.456031 | 0.472525 | 0.406388 | 0.454393 | 0.35092  | 0.388529 | 0.278198 | 0.433149 | 0.435266 | 0.522297 |
| C02 Event-log fact-extraction           | 0.581836 | 1        | 0.437286 | 0.556337 | 0.363476 | 0.426078 | 0.57414  | 0.462782 | 0.293183 | 0.394802 | 0.313705 | 0.574669 | 0.694467 |
| C03 Text to Model reconstruction        | 0.508489 | 0.437286 | 1        | 0.493163 | 0.605739 | 0.364956 | 0.461799 | 0.482207 | 0.37918  | 0.5308   | 0.477277 | 0.48683  | 0.530806 |
| C04 Compliance / Conformance reasoning  | 0.456031 | 0.556337 | 0.493163 | 1        | 0.582964 | 0.276714 | 0.531045 | 0.602574 | 0.409108 | 0.398254 | 0.41769  | 0.624656 | 0.575707 |
| C05 Counterfactual edits                | 0.472525 | 0.363476 | 0.605739 | 0.582964 | 1        | 0.337492 | 0.520639 | 0.563907 | 0.291719 | 0.522003 | 0.440634 | 0.451278 | 0.396524 |
| C06 Multi-process memory interference   | 0.406388 | 0.426078 | 0.364956 | 0.276714 | 0.337492 | 1        | 0.296643 | 0.298167 | 0.28865  | 0.247619 | 0.508803 | 0.40571  | 0.302536 |
| C07 Change-log diffing                  | 0.454393 | 0.57414  | 0.461799 | 0.531045 | 0.520639 | 0.296643 | 1        | 0.599112 | 0.274294 | 0.470776 | 0.476175 | 0.547142 | 0.573955 |
| C08 Temporal / concurrency reasoning    | 0.35092  | 0.462782 | 0.482207 | 0.602574 | 0.563907 | 0.298167 | 0.599112 | 1        | 0.355072 | 0.496027 | 0.35218  | 0.582087 | 0.416545 |
| C09 Unknown-should-remain-unknown       | 0.388529 | 0.293183 | 0.37918  | 0.409108 | 0.291719 | 0.28865  | 0.274294 | 0.355072 | 1        | 0.401454 | 0.317448 | 0.602923 | 0.470017 |
| C10 Domain-synonym enforcement          | 0.278198 | 0.394802 | 0.5308   | 0.398254 | 0.522003 | 0.247619 | 0.470776 | 0.496027 | 0.401454 | 1        | 0.344883 | 0.478087 | 0.455722 |
| C11 Performance analytics commentary    | 0.433149 | 0.313705 | 0.477277 | 0.41769  | 0.440634 | 0.508803 | 0.476175 | 0.35218  | 0.317448 | 0.344883 | 1        | 0.370082 | 0.331925 |
| C12 Misinformation injection            | 0.435266 | 0.574669 | 0.48683  | 0.624656 | 0.451278 | 0.40571  | 0.547142 | 0.582087 | 0.602923 | 0.478087 | 0.370082 | 1        | 0.705403 |
| C13 Edge-case / low-support prompts     | 0.522297 | 0.694467 | 0.530806 | 0.575707 | 0.396524 | 0.302536 | 0.573955 | 0.416545 | 0.470017 | 0.455722 | 0.331925 | 0.705403 | 1        |