# Inter-Features Correlation

| Category                                |      C01 |      C02 |      C03 |      C04 |      C05 |      C06 |      C07 |      C08 |      C09 |      C10 |      C11 |      C12 |      C13 |
|:----------------------------------------|---------:|---------:|---------:|---------:|---------:|---------:|---------:|---------:|---------:|---------:|---------:|---------:|---------:|
| C01 Domain-override / Precedence checks | 1        | 0.607083 | 0.527964 | 0.50273  | 0.44983  | 0.450288 | 0.495018 | 0.415434 | 0.367422 | 0.298535 | 0.433154 | 0.471002 | 0.594241 |
| C02 Event-log fact-extraction           | 0.607083 | 1        | 0.427344 | 0.573421 | 0.325385 | 0.425276 | 0.601786 | 0.541188 | 0.285109 | 0.426088 | 0.294987 | 0.571533 | 0.753929 |
| C03 Text to Model reconstruction        | 0.527964 | 0.427344 | 1        | 0.480953 | 0.475047 | 0.315909 | 0.455335 | 0.458718 | 0.408355 | 0.502837 | 0.434679 | 0.499773 | 0.581696 |
| C04 Compliance / Conformance reasoning  | 0.50273  | 0.573421 | 0.480953 | 1        | 0.451267 | 0.29528  | 0.537355 | 0.63347  | 0.386552 | 0.385985 | 0.359673 | 0.615546 | 0.633464 |
| C05 Counterfactual edits                | 0.44983  | 0.325385 | 0.475047 | 0.451267 | 1        | 0.294892 | 0.5154   | 0.515005 | 0.290883 | 0.352109 | 0.354078 | 0.459609 | 0.460164 |
| C06 Multi-process memory interference   | 0.450288 | 0.425276 | 0.315909 | 0.29528  | 0.294892 | 1        | 0.45279  | 0.303965 | 0.438294 | 0.205341 | 0.597272 | 0.381501 | 0.47078  |
| C07 Change-log diffing                  | 0.495018 | 0.601786 | 0.455335 | 0.537355 | 0.5154   | 0.45279  | 1        | 0.608822 | 0.264682 | 0.489917 | 0.443133 | 0.552493 | 0.607318 |
| C08 Temporal / concurrency reasoning    | 0.415434 | 0.541188 | 0.458718 | 0.63347  | 0.515005 | 0.303965 | 0.608822 | 1        | 0.37085  | 0.522023 | 0.266667 | 0.618054 | 0.524447 |
| C09 Unknown-should-remain-unknown       | 0.367422 | 0.285109 | 0.408355 | 0.386552 | 0.290883 | 0.438294 | 0.264682 | 0.37085  | 1        | 0.386157 | 0.334784 | 0.624931 | 0.478414 |
| C10 Domain-synonym enforcement          | 0.298535 | 0.426088 | 0.502837 | 0.385985 | 0.352109 | 0.205341 | 0.489917 | 0.522023 | 0.386157 | 1        | 0.341567 | 0.547828 | 0.511033 |
| C11 Performance analytics commentary    | 0.433154 | 0.294987 | 0.434679 | 0.359673 | 0.354078 | 0.597272 | 0.443133 | 0.266667 | 0.334784 | 0.341567 | 1        | 0.391556 | 0.356787 |
| C12 Misinformation injection            | 0.471002 | 0.571533 | 0.499773 | 0.615546 | 0.459609 | 0.381501 | 0.552493 | 0.618054 | 0.624931 | 0.547828 | 0.391556 | 1        | 0.727504 |
| C13 Edge-case / low-support prompts     | 0.594241 | 0.753929 | 0.581696 | 0.633464 | 0.460164 | 0.47078  | 0.607318 | 0.524447 | 0.478414 | 0.511033 | 0.356787 | 0.727504 | 1        |