# Inter-Features Correlation

| Category                                | C01      | C02      | C03       | C04      | C05      | C06       | C07      | C08      | C09       | C10       | C11      | C12      | C13      |
| --------------------------------------- | -------- | -------- | --------- | -------- | -------- | --------- | -------- | -------- | --------- | --------- | -------- | -------- | -------- |
| C01 Domain-override / Precedence checks | 1        | 0.334182 | 0.191246  | 0.315511 | 0.344138 | 0.160404  | 0.449391 | 0.295583 | 0.214247  | 0.112181  | 0.365123 | 0.337775 | 0.210804 |
| C02 Event-log fact-extraction           | 0.334182 | 1        | 0.204958  | 0.452958 | 0.282146 | 0.280375  | 0.457921 | 0.530536 | 0.309009  | 0.052539  | 0.295683 | 0.309157 | 0.212962 |
| C03 Text to Model reconstruction        | 0.191246 | 0.204958 | 1         | 0.281592 | 0.1916   | 0.167051  | 0.278929 | 0.187358 | -0.006789 | 0.094209  | 0.218364 | 0.217311 | 0.120737 |
| C04 Compliance / Conformance reasoning  | 0.315511 | 0.452958 | 0.281592  | 1        | 0.53799  | 0.334804  | 0.476548 | 0.622318 | 0.241366  | 0.090544  | 0.414685 | 0.376761 | 0.369766 |
| C05 Counterfactual edits                | 0.344138 | 0.282146 | 0.1916    | 0.53799  | 1        | 0.206867  | 0.362428 | 0.395778 | 0.195062  | 0.140992  | 0.352087 | 0.381031 | 0.402434 |
| C06 Multi-process memory interference   | 0.160404 | 0.280375 | 0.167051  | 0.334804 | 0.206867 | 1         | 0.26335  | 0.345279 | 0.104636  | -0.059799 | 0.288439 | 0.201288 | 0.155981 |
| C07 Change-log diffing                  | 0.449391 | 0.457921 | 0.278929  | 0.476548 | 0.362428 | 0.26335   | 1        | 0.437988 | 0.306829  | 0.036707  | 0.563646 | 0.476737 | 0.251402 |
| C08 Temporal / concurrency reasoning    | 0.295583 | 0.530536 | 0.187358  | 0.622318 | 0.395778 | 0.345279  | 0.437988 | 1        | 0.27304   | 0.003741  | 0.344813 | 0.450885 | 0.314307 |
| C09 Unknown-should-remain-unknown       | 0.214247 | 0.309009 | -0.006789 | 0.241366 | 0.195062 | 0.104636  | 0.306829 | 0.27304  | 1         | -0.006457 | 0.384468 | 0.361219 | 0.234802 |
| C10 Domain-synonym enforcement          | 0.112181 | 0.052539 | 0.094209  | 0.090544 | 0.140992 | -0.059799 | 0.036707 | 0.003741 | -0.006457 | 1         | 0.03438  | 0.073877 | 0.123589 |
| C11 Performance analytics commentary    | 0.365123 | 0.295683 | 0.218364  | 0.414685 | 0.352087 | 0.288439  | 0.563646 | 0.344813 | 0.384468  | 0.03438   | 1        | 0.483232 | 0.333893 |
| C12 Misinformation injection            | 0.337775 | 0.309157 | 0.217311  | 0.376761 | 0.381031 | 0.201288  | 0.476737 | 0.450885 | 0.361219  | 0.073877  | 0.483232 | 1        | 0.411214 |
| C13 Edge-case / low-support prompts     | 0.210804 | 0.212962 | 0.120737  | 0.369766 | 0.402434 | 0.155981  | 0.251402 | 0.314307 | 0.234802  | 0.123589  | 0.333893 | 0.411214 | 1        |