# Inter-Features Correlation

| Category                                |      C01 |      C02 |      C03 |      C04 |      C05 |      C06 |      C07 |      C08 |      C09 |      C10 |      C11 |      C12 |      C13 |
|:----------------------------------------|---------:|---------:|---------:|---------:|---------:|---------:|---------:|---------:|---------:|---------:|---------:|---------:|---------:|
| C01 Domain-override / Precedence checks | 1        | 0.435497 | 0.342671 | 0.448389 | 0.326539 | 0.427385 | 0.409629 | 0.454732 | 0.457254 | 0.211506 | 0.497157 | 0.460919 | 0.411925 |
| C02 Event-log fact-extraction           | 0.435497 | 1        | 0.443619 | 0.63544  | 0.41494  | 0.5841   | 0.578306 | 0.605301 | 0.693302 | 0.269756 | 0.593009 | 0.716834 | 0.582875 |
| C03 Text to Model reconstruction        | 0.342671 | 0.443619 | 1        | 0.37996  | 0.362777 | 0.424739 | 0.436202 | 0.339911 | 0.519622 | 0.32011  | 0.458895 | 0.524955 | 0.384023 |
| C04 Compliance / Conformance reasoning  | 0.448389 | 0.63544  | 0.37996  | 1        | 0.617945 | 0.501419 | 0.509342 | 0.6904   | 0.498083 | 0.102785 | 0.581629 | 0.616977 | 0.459328 |
| C05 Counterfactual edits                | 0.326539 | 0.41494  | 0.362777 | 0.617945 | 1        | 0.414588 | 0.453158 | 0.51648  | 0.363784 | 0.247768 | 0.492748 | 0.450127 | 0.407074 |
| C06 Multi-process memory interference   | 0.427385 | 0.5841   | 0.424739 | 0.501419 | 0.414588 | 1        | 0.587207 | 0.544077 | 0.650682 | 0.279607 | 0.6325   | 0.600849 | 0.527068 |
| C07 Change-log diffing                  | 0.409629 | 0.578306 | 0.436202 | 0.509342 | 0.453158 | 0.587207 | 1        | 0.475348 | 0.696193 | 0.363707 | 0.655177 | 0.62393  | 0.486894 |
| C08 Temporal / concurrency reasoning    | 0.454732 | 0.605301 | 0.339911 | 0.6904   | 0.51648  | 0.544077 | 0.475348 | 1        | 0.490521 | 0.268687 | 0.572284 | 0.601812 | 0.462193 |
| C09 Unknown-should-remain-unknown       | 0.457254 | 0.693302 | 0.519622 | 0.498083 | 0.363784 | 0.650682 | 0.696193 | 0.490521 | 1        | 0.3828   | 0.674948 | 0.704727 | 0.586673 |
| C10 Domain-synonym enforcement          | 0.211506 | 0.269756 | 0.32011  | 0.102785 | 0.247768 | 0.279607 | 0.363707 | 0.268687 | 0.3828   | 1        | 0.289659 | 0.319569 | 0.341792 |
| C11 Performance analytics commentary    | 0.497157 | 0.593009 | 0.458895 | 0.581629 | 0.492748 | 0.6325   | 0.655177 | 0.572284 | 0.674948 | 0.289659 | 1        | 0.705139 | 0.523175 |
| C12 Misinformation injection            | 0.460919 | 0.716834 | 0.524955 | 0.616977 | 0.450127 | 0.600849 | 0.62393  | 0.601812 | 0.704727 | 0.319569 | 0.705139 | 1        | 0.572185 |
| C13 Edge-case / low-support prompts     | 0.411925 | 0.582875 | 0.384023 | 0.459328 | 0.407074 | 0.527068 | 0.486894 | 0.462193 | 0.586673 | 0.341792 | 0.523175 | 0.572185 | 1        |