# Inter-Features Correlation

| Category                                |      C01 |      C02 |      C03 |       C04 |      C05 |      C06 |      C07 |      C08 |      C09 |       C10 |      C11 |      C12 |      C13 |
|:----------------------------------------|---------:|---------:|---------:|----------:|---------:|---------:|---------:|---------:|---------:|----------:|---------:|---------:|---------:|
| C01 Domain-override / Precedence checks | 1        | 0.344371 | 0.322325 | 0.429658  | 0.319751 | 0.353401 | 0.319273 | 0.440833 | 0.325798 | 0.144565  | 0.429091 | 0.399107 | 0.433138 |
| C02 Event-log fact-extraction           | 0.344371 | 1        | 0.39358  | 0.563852  | 0.342758 | 0.51535  | 0.504757 | 0.490503 | 0.609876 | 0.205253  | 0.504095 | 0.628321 | 0.639095 |
| C03 Text to Model reconstruction        | 0.322325 | 0.39358  | 1        | 0.350638  | 0.310823 | 0.458587 | 0.336219 | 0.310093 | 0.459227 | 0.335359  | 0.360003 | 0.451548 | 0.426068 |
| C04 Compliance / Conformance reasoning  | 0.429658 | 0.563852 | 0.350638 | 1         | 0.605303 | 0.456062 | 0.423004 | 0.679005 | 0.434925 | 0.0505602 | 0.532137 | 0.612414 | 0.47462  |
| C05 Counterfactual edits                | 0.319751 | 0.342758 | 0.310823 | 0.605303  | 1        | 0.422589 | 0.411839 | 0.467802 | 0.361898 | 0.143779  | 0.495814 | 0.480165 | 0.414821 |
| C06 Multi-process memory interference   | 0.353401 | 0.51535  | 0.458587 | 0.456062  | 0.422589 | 1        | 0.585569 | 0.49852  | 0.617985 | 0.395109  | 0.64743  | 0.585211 | 0.574927 |
| C07 Change-log diffing                  | 0.319273 | 0.504757 | 0.336219 | 0.423004  | 0.411839 | 0.585569 | 1        | 0.400751 | 0.581948 | 0.3327    | 0.568076 | 0.497046 | 0.526629 |
| C08 Temporal / concurrency reasoning    | 0.440833 | 0.490503 | 0.310093 | 0.679005  | 0.467802 | 0.49852  | 0.400751 | 1        | 0.436646 | 0.289296  | 0.520249 | 0.620277 | 0.4948   |
| C09 Unknown-should-remain-unknown       | 0.325798 | 0.609876 | 0.459227 | 0.434925  | 0.361898 | 0.617985 | 0.581948 | 0.436646 | 1        | 0.305405  | 0.577171 | 0.634473 | 0.665346 |
| C10 Domain-synonym enforcement          | 0.144565 | 0.205253 | 0.335359 | 0.0505602 | 0.143779 | 0.395109 | 0.3327   | 0.289296 | 0.305405 | 1         | 0.256314 | 0.293815 | 0.39023  |
| C11 Performance analytics commentary    | 0.429091 | 0.504095 | 0.360003 | 0.532137  | 0.495814 | 0.64743  | 0.568076 | 0.520249 | 0.577171 | 0.256314  | 1        | 0.583028 | 0.543286 |
| C12 Misinformation injection            | 0.399107 | 0.628321 | 0.451548 | 0.612414  | 0.480165 | 0.585211 | 0.497046 | 0.620277 | 0.634473 | 0.293815  | 0.583028 | 1        | 0.667702 |
| C13 Edge-case / low-support prompts     | 0.433138 | 0.639095 | 0.426068 | 0.47462   | 0.414821 | 0.574927 | 0.526629 | 0.4948   | 0.665346 | 0.39023   | 0.543286 | 0.667702 | 1        |