# Inter-Features Correlation

| Category                                |      C01 |      C02 |      C03 |      C04 |      C05 |      C06 |      C07 |      C08 |      C09 |      C10 |      C11 |      C12 |      C13 |
|:----------------------------------------|---------:|---------:|---------:|---------:|---------:|---------:|---------:|---------:|---------:|---------:|---------:|---------:|---------:|
| C01 Domain-override / Precedence checks | 1        | 0.579585 | 0.508646 | 0.45459  | 0.470157 | 0.401535 | 0.450793 | 0.344879 | 0.384874 | 0.281022 | 0.432029 | 0.430328 | 0.52725  |
| C02 Event-log fact-extraction           | 0.579585 | 1        | 0.437267 | 0.555247 | 0.360554 | 0.421292 | 0.571301 | 0.458122 | 0.288859 | 0.398061 | 0.312181 | 0.571972 | 0.70017  |
| C03 Text to Model reconstruction        | 0.508646 | 0.437267 | 1        | 0.492943 | 0.605928 | 0.365703 | 0.462255 | 0.485091 | 0.379098 | 0.531553 | 0.477035 | 0.491111 | 0.532109 |
| C04 Compliance / Conformance reasoning  | 0.45459  | 0.555247 | 0.492943 | 1        | 0.581995 | 0.27387  | 0.529909 | 0.603579 | 0.407399 | 0.399899 | 0.416854 | 0.627217 | 0.578525 |
| C05 Counterfactual edits                | 0.470157 | 0.360554 | 0.605928 | 0.581995 | 1        | 0.332962 | 0.518093 | 0.561966 | 0.28812  | 0.524924 | 0.439589 | 0.448065 | 0.400324 |
| C06 Multi-process memory interference   | 0.401535 | 0.421292 | 0.365703 | 0.27387  | 0.332962 | 1        | 0.288557 | 0.285002 | 0.281519 | 0.253096 | 0.508749 | 0.393258 | 0.310555 |
| C07 Change-log diffing                  | 0.450793 | 0.571301 | 0.462255 | 0.529909 | 0.518093 | 0.288557 | 1        | 0.594456 | 0.268713 | 0.475545 | 0.47529  | 0.541549 | 0.580948 |
| C08 Temporal / concurrency reasoning    | 0.344879 | 0.458122 | 0.485091 | 0.603579 | 0.561966 | 0.285002 | 0.594456 | 1        | 0.347853 | 0.505897 | 0.351131 | 0.571386 | 0.428022 |
| C09 Unknown-should-remain-unknown       | 0.384874 | 0.288859 | 0.379098 | 0.407399 | 0.28812  | 0.281519 | 0.268713 | 0.347853 | 1        | 0.405238 | 0.315851 | 0.59965  | 0.475582 |
| C10 Domain-synonym enforcement          | 0.281022 | 0.398061 | 0.531553 | 0.399899 | 0.524924 | 0.253096 | 0.475545 | 0.505897 | 0.405238 | 1        | 0.34617  | 0.49006  | 0.45514  |
| C11 Performance analytics commentary    | 0.432029 | 0.312181 | 0.477035 | 0.416854 | 0.439589 | 0.508749 | 0.47529  | 0.351131 | 0.315851 | 0.34617  | 1        | 0.369787 | 0.333909 |
| C12 Misinformation injection            | 0.430328 | 0.571972 | 0.491111 | 0.627217 | 0.448065 | 0.393258 | 0.541549 | 0.571386 | 0.59965  | 0.49006  | 0.369787 | 1        | 0.723853 |
| C13 Edge-case / low-support prompts     | 0.52725  | 0.70017  | 0.532109 | 0.578525 | 0.400324 | 0.310555 | 0.580948 | 0.428022 | 0.475582 | 0.45514  | 0.333909 | 0.723853 | 1        |