# Inter-Features Correlation

| Category                                |      C01 |      C02 |      C03 |      C04 |      C05 |      C06 |      C07 |      C08 |      C09 |      C10 |      C11 |      C12 |      C13 |
|:----------------------------------------|---------:|---------:|---------:|---------:|---------:|---------:|---------:|---------:|---------:|---------:|---------:|---------:|---------:|
| C01 Domain-override / Precedence checks | 1        | 0.576381 | 0.430492 | 0.529844 | 0.467246 | 0.416564 | 0.502431 | 0.475899 | 0.488286 | 0.18854  | 0.600255 | 0.590849 | 0.501678 |
| C02 Event-log fact-extraction           | 0.576381 | 1        | 0.490823 | 0.695841 | 0.483151 | 0.623828 | 0.694394 | 0.617145 | 0.711826 | 0.31671  | 0.71179  | 0.789838 | 0.654979 |
| C03 Text to Model reconstruction        | 0.430492 | 0.490823 | 1        | 0.407161 | 0.413938 | 0.379835 | 0.454826 | 0.398697 | 0.499446 | 0.291717 | 0.474676 | 0.519825 | 0.406751 |
| C04 Compliance / Conformance reasoning  | 0.529844 | 0.695841 | 0.407161 | 1        | 0.625664 | 0.506999 | 0.610113 | 0.747535 | 0.561539 | 0.129772 | 0.665175 | 0.682833 | 0.525398 |
| C05 Counterfactual edits                | 0.467246 | 0.483151 | 0.413938 | 0.625664 | 1        | 0.3757   | 0.507998 | 0.547446 | 0.41142  | 0.154585 | 0.563919 | 0.545255 | 0.455213 |
| C06 Multi-process memory interference   | 0.416564 | 0.623828 | 0.379835 | 0.506999 | 0.3757   | 1        | 0.580233 | 0.504918 | 0.628174 | 0.243043 | 0.611066 | 0.615059 | 0.515539 |
| C07 Change-log diffing                  | 0.502431 | 0.694394 | 0.454826 | 0.610113 | 0.507998 | 0.580233 | 1        | 0.517341 | 0.705175 | 0.34256  | 0.754445 | 0.725369 | 0.563576 |
| C08 Temporal / concurrency reasoning    | 0.475899 | 0.617145 | 0.398697 | 0.747535 | 0.547446 | 0.504918 | 0.517341 | 1        | 0.540985 | 0.217107 | 0.600619 | 0.622356 | 0.474879 |
| C09 Unknown-should-remain-unknown       | 0.488286 | 0.711826 | 0.499446 | 0.561539 | 0.41142  | 0.628174 | 0.705175 | 0.540985 | 1        | 0.335019 | 0.685812 | 0.706383 | 0.604685 |
| C10 Domain-synonym enforcement          | 0.18854  | 0.31671  | 0.291717 | 0.129772 | 0.154585 | 0.243043 | 0.34256  | 0.217107 | 0.335019 | 1        | 0.230524 | 0.271551 | 0.352291 |
| C11 Performance analytics commentary    | 0.600255 | 0.71179  | 0.474676 | 0.665175 | 0.563919 | 0.611066 | 0.754445 | 0.600619 | 0.685812 | 0.230524 | 1        | 0.788638 | 0.564693 |
| C12 Misinformation injection            | 0.590849 | 0.789838 | 0.519825 | 0.682833 | 0.545255 | 0.615059 | 0.725369 | 0.622356 | 0.706383 | 0.271551 | 0.788638 | 1        | 0.637439 |
| C13 Edge-case / low-support prompts     | 0.501678 | 0.654979 | 0.406751 | 0.525398 | 0.455213 | 0.515539 | 0.563576 | 0.474879 | 0.604685 | 0.352291 | 0.564693 | 0.637439 | 1        |