# Inter-Features Correlation

| Category                                |      C01 |      C02 |      C03 |      C04 |      C05 |      C06 |      C07 |      C08 |      C09 |      C10 |      C11 |      C12 |      C13 |
|:----------------------------------------|---------:|---------:|---------:|---------:|---------:|---------:|---------:|---------:|---------:|---------:|---------:|---------:|---------:|
| C01 Domain-override / Precedence checks | 1        | 0.423301 | 0.348967 | 0.442575 | 0.329209 | 0.412503 | 0.423516 | 0.457086 | 0.44723  | 0.187665 | 0.463871 | 0.439663 | 0.410014 |
| C02 Event-log fact-extraction           | 0.423301 | 1        | 0.4505   | 0.608364 | 0.403297 | 0.557821 | 0.579029 | 0.577095 | 0.661551 | 0.26377  | 0.576197 | 0.691243 | 0.574004 |
| C03 Text to Model reconstruction        | 0.348967 | 0.4505   | 1        | 0.380521 | 0.316774 | 0.418565 | 0.408504 | 0.34458  | 0.503629 | 0.269481 | 0.431632 | 0.495918 | 0.383847 |
| C04 Compliance / Conformance reasoning  | 0.442575 | 0.608364 | 0.380521 | 1        | 0.632761 | 0.470639 | 0.48789  | 0.686845 | 0.484207 | 0.102243 | 0.56156  | 0.616    | 0.446836 |
| C05 Counterfactual edits                | 0.329209 | 0.403297 | 0.316774 | 0.632761 | 1        | 0.425467 | 0.423777 | 0.497153 | 0.3965   | 0.188794 | 0.503295 | 0.471343 | 0.395446 |
| C06 Multi-process memory interference   | 0.412503 | 0.557821 | 0.418565 | 0.470639 | 0.425467 | 1        | 0.590122 | 0.498426 | 0.595423 | 0.279301 | 0.57771  | 0.564419 | 0.524405 |
| C07 Change-log diffing                  | 0.423516 | 0.579029 | 0.408504 | 0.48789  | 0.423777 | 0.590122 | 1        | 0.437309 | 0.660059 | 0.329912 | 0.624692 | 0.583659 | 0.476044 |
| C08 Temporal / concurrency reasoning    | 0.457086 | 0.577095 | 0.34458  | 0.686845 | 0.497153 | 0.498426 | 0.437309 | 1        | 0.463205 | 0.253909 | 0.522961 | 0.58313  | 0.444416 |
| C09 Unknown-should-remain-unknown       | 0.44723  | 0.661551 | 0.503629 | 0.484207 | 0.3965   | 0.595423 | 0.660059 | 0.463205 | 1        | 0.353852 | 0.644214 | 0.669597 | 0.553186 |
| C10 Domain-synonym enforcement          | 0.187665 | 0.26377  | 0.269481 | 0.102243 | 0.188794 | 0.279301 | 0.329912 | 0.253909 | 0.353852 | 1        | 0.29907  | 0.34113  | 0.296949 |
| C11 Performance analytics commentary    | 0.463871 | 0.576197 | 0.431632 | 0.56156  | 0.503295 | 0.57771  | 0.624692 | 0.522961 | 0.644214 | 0.29907  | 1        | 0.663705 | 0.45702  |
| C12 Misinformation injection            | 0.439663 | 0.691243 | 0.495918 | 0.616    | 0.471343 | 0.564419 | 0.583659 | 0.58313  | 0.669597 | 0.34113  | 0.663705 | 1        | 0.534689 |
| C13 Edge-case / low-support prompts     | 0.410014 | 0.574004 | 0.383847 | 0.446836 | 0.395446 | 0.524405 | 0.476044 | 0.444416 | 0.553186 | 0.296949 | 0.45702  | 0.534689 | 1        |