# Inter-Features Correlation

| Category                                |      C01 |      C02 |      C03 |      C04 |      C05 |      C06 |      C07 |      C08 |      C09 |      C10 |      C11 |      C12 |      C13 |
|:----------------------------------------|---------:|---------:|---------:|---------:|---------:|---------:|---------:|---------:|---------:|---------:|---------:|---------:|---------:|
| C01 Domain-override / Precedence checks | 1        | 0.446141 | 0.436131 | 0.478183 | 0.421771 | 0.380124 | 0.400078 | 0.351021 | 0.319123 | 0.217505 | 0.47931  | 0.454496 | 0.52305  |
| C02 Event-log fact-extraction           | 0.446141 | 1        | 0.494642 | 0.591054 | 0.400702 | 0.519534 | 0.651301 | 0.509117 | 0.524269 | 0.516024 | 0.422473 | 0.597215 | 0.70248  |
| C03 Text to Model reconstruction        | 0.436131 | 0.494642 | 1        | 0.530279 | 0.491114 | 0.456381 | 0.479649 | 0.510664 | 0.414499 | 0.537594 | 0.455084 | 0.485435 | 0.521467 |
| C04 Compliance / Conformance reasoning  | 0.478183 | 0.591054 | 0.530279 | 1        | 0.567379 | 0.419022 | 0.541029 | 0.627021 | 0.439642 | 0.462459 | 0.517772 | 0.647783 | 0.613859 |
| C05 Counterfactual edits                | 0.421771 | 0.400702 | 0.491114 | 0.567379 | 1        | 0.402002 | 0.496326 | 0.533272 | 0.3278   | 0.54294  | 0.513093 | 0.509269 | 0.438709 |
| C06 Multi-process memory interference   | 0.380124 | 0.519534 | 0.456381 | 0.419022 | 0.402002 | 1        | 0.419161 | 0.422795 | 0.386893 | 0.353491 | 0.570977 | 0.491524 | 0.397503 |
| C07 Change-log diffing                  | 0.400078 | 0.651301 | 0.479649 | 0.541029 | 0.496326 | 0.419161 | 1        | 0.558599 | 0.496191 | 0.580322 | 0.530723 | 0.602518 | 0.627253 |
| C08 Temporal / concurrency reasoning    | 0.351021 | 0.509117 | 0.510664 | 0.627021 | 0.533272 | 0.422795 | 0.558599 | 1        | 0.34638  | 0.541545 | 0.45167  | 0.616883 | 0.431392 |
| C09 Unknown-should-remain-unknown       | 0.319123 | 0.524269 | 0.414499 | 0.439642 | 0.3278   | 0.386893 | 0.496191 | 0.34638  | 1        | 0.470807 | 0.373358 | 0.578227 | 0.548521 |
| C10 Domain-synonym enforcement          | 0.217505 | 0.516024 | 0.537594 | 0.462459 | 0.54294  | 0.353491 | 0.580322 | 0.541545 | 0.470807 | 1        | 0.422317 | 0.566136 | 0.509799 |
| C11 Performance analytics commentary    | 0.47931  | 0.422473 | 0.455084 | 0.517772 | 0.513093 | 0.570977 | 0.530723 | 0.45167  | 0.373358 | 0.422317 | 1        | 0.474256 | 0.473845 |
| C12 Misinformation injection            | 0.454496 | 0.597215 | 0.485435 | 0.647783 | 0.509269 | 0.491524 | 0.602518 | 0.616883 | 0.578227 | 0.566136 | 0.474256 | 1        | 0.725062 |
| C13 Edge-case / low-support prompts     | 0.52305  | 0.70248  | 0.521467 | 0.613859 | 0.438709 | 0.397503 | 0.627253 | 0.431392 | 0.548521 | 0.509799 | 0.473845 | 0.725062 | 1        |