# Inter-Features Correlation

| Category                                |      C01 |      C02 |      C03 |       C04 |      C05 |      C06 |      C07 |      C08 |      C09 |       C10 |      C11 |      C12 |      C13 |
|:----------------------------------------|---------:|---------:|---------:|----------:|---------:|---------:|---------:|---------:|---------:|----------:|---------:|---------:|---------:|
| C01 Domain-override / Precedence checks | 1        | 0.368979 | 0.309031 | 0.416242  | 0.310825 | 0.377663 | 0.346192 | 0.44531  | 0.365027 | 0.141739  | 0.438855 | 0.371117 | 0.42525  |
| C02 Event-log fact-extraction           | 0.368979 | 1        | 0.420868 | 0.568934  | 0.352334 | 0.558341 | 0.521429 | 0.52412  | 0.630935 | 0.201534  | 0.521051 | 0.626572 | 0.590049 |
| C03 Text to Model reconstruction        | 0.309031 | 0.420868 | 1        | 0.340177  | 0.321566 | 0.448352 | 0.355849 | 0.34725  | 0.463681 | 0.285026  | 0.386223 | 0.457815 | 0.388631 |
| C04 Compliance / Conformance reasoning  | 0.416242 | 0.568934 | 0.340177 | 1         | 0.596597 | 0.481066 | 0.428757 | 0.679463 | 0.438761 | 0.0387244 | 0.505274 | 0.574775 | 0.435598 |
| C05 Counterfactual edits                | 0.310825 | 0.352334 | 0.321566 | 0.596597  | 1        | 0.426273 | 0.393558 | 0.466219 | 0.368985 | 0.133306  | 0.483868 | 0.434681 | 0.398497 |
| C06 Multi-process memory interference   | 0.377663 | 0.558341 | 0.448352 | 0.481066  | 0.426273 | 1        | 0.587844 | 0.510985 | 0.640862 | 0.361927  | 0.636625 | 0.569615 | 0.556637 |
| C07 Change-log diffing                  | 0.346192 | 0.521429 | 0.355849 | 0.428757  | 0.393558 | 0.587844 | 1        | 0.423568 | 0.603563 | 0.293723  | 0.57983  | 0.476496 | 0.502903 |
| C08 Temporal / concurrency reasoning    | 0.44531  | 0.52412  | 0.34725  | 0.679463  | 0.466219 | 0.510985 | 0.423568 | 1        | 0.46214  | 0.227109  | 0.532741 | 0.601818 | 0.438653 |
| C09 Unknown-should-remain-unknown       | 0.365027 | 0.630935 | 0.463681 | 0.438761  | 0.368985 | 0.640862 | 0.603563 | 0.46214  | 1        | 0.271559  | 0.586899 | 0.59208  | 0.633025 |
| C10 Domain-synonym enforcement          | 0.141739 | 0.201534 | 0.285026 | 0.0387244 | 0.133306 | 0.361927 | 0.293723 | 0.227109 | 0.271559 | 1         | 0.218105 | 0.256093 | 0.399728 |
| C11 Performance analytics commentary    | 0.438855 | 0.521051 | 0.386223 | 0.505274  | 0.483868 | 0.636625 | 0.57983  | 0.532741 | 0.586899 | 0.218105  | 1        | 0.580907 | 0.524903 |
| C12 Misinformation injection            | 0.371117 | 0.626572 | 0.457815 | 0.574775  | 0.434681 | 0.569615 | 0.476496 | 0.601818 | 0.59208  | 0.256093  | 0.580907 | 1        | 0.626867 |
| C13 Edge-case / low-support prompts     | 0.42525  | 0.590049 | 0.388631 | 0.435598  | 0.398497 | 0.556637 | 0.502903 | 0.438653 | 0.633025 | 0.399728  | 0.524903 | 0.626867 | 1        |