# Inter-Features Correlation

| Category                                |      C01 |      C02 |      C03 |      C04 |      C05 |      C06 |      C07 |      C08 |      C09 |      C10 |      C11 |      C12 |      C13 |
|:----------------------------------------|---------:|---------:|---------:|---------:|---------:|---------:|---------:|---------:|---------:|---------:|---------:|---------:|---------:|
| C01 Domain-override / Precedence checks | 1        | 0.447362 | 0.440335 | 0.48241  | 0.442686 | 0.409161 | 0.414031 | 0.382406 | 0.315763 | 0.236793 | 0.483204 | 0.467056 | 0.515809 |
| C02 Event-log fact-extraction           | 0.447362 | 1        | 0.501881 | 0.595114 | 0.407713 | 0.541143 | 0.662389 | 0.520402 | 0.528192 | 0.52652  | 0.427225 | 0.598499 | 0.710623 |
| C03 Text to Model reconstruction        | 0.440335 | 0.501881 | 1        | 0.527047 | 0.492134 | 0.4529   | 0.485824 | 0.530997 | 0.421655 | 0.556096 | 0.451021 | 0.502694 | 0.531207 |
| C04 Compliance / Conformance reasoning  | 0.48241  | 0.595114 | 0.527047 | 1        | 0.563966 | 0.409958 | 0.557453 | 0.644991 | 0.452002 | 0.484653 | 0.506901 | 0.661148 | 0.628091 |
| C05 Counterfactual edits                | 0.442686 | 0.407713 | 0.492134 | 0.563966 | 1        | 0.375049 | 0.510175 | 0.527562 | 0.351524 | 0.557861 | 0.509562 | 0.516933 | 0.473157 |
| C06 Multi-process memory interference   | 0.409161 | 0.541143 | 0.4529   | 0.409958 | 0.375049 | 1        | 0.436078 | 0.418454 | 0.423143 | 0.372031 | 0.568297 | 0.514369 | 0.442663 |
| C07 Change-log diffing                  | 0.414031 | 0.662389 | 0.485824 | 0.557453 | 0.510175 | 0.436078 | 1        | 0.568262 | 0.501039 | 0.577033 | 0.559856 | 0.612734 | 0.6472   |
| C08 Temporal / concurrency reasoning    | 0.382406 | 0.520402 | 0.530997 | 0.644991 | 0.527562 | 0.418454 | 0.568262 | 1        | 0.372026 | 0.538026 | 0.474935 | 0.616492 | 0.47823  |
| C09 Unknown-should-remain-unknown       | 0.315763 | 0.528192 | 0.421655 | 0.452002 | 0.351524 | 0.423143 | 0.501039 | 0.372026 | 1        | 0.481646 | 0.389779 | 0.589905 | 0.545402 |
| C10 Domain-synonym enforcement          | 0.236793 | 0.52652  | 0.556096 | 0.484653 | 0.557861 | 0.372031 | 0.577033 | 0.538026 | 0.481646 | 1        | 0.458771 | 0.567979 | 0.539357 |
| C11 Performance analytics commentary    | 0.483204 | 0.427225 | 0.451021 | 0.506901 | 0.509562 | 0.568297 | 0.559856 | 0.474935 | 0.389779 | 0.458771 | 1        | 0.492565 | 0.485429 |
| C12 Misinformation injection            | 0.467056 | 0.598499 | 0.502694 | 0.661148 | 0.516933 | 0.514369 | 0.612734 | 0.616492 | 0.589905 | 0.567979 | 0.492565 | 1        | 0.749099 |
| C13 Edge-case / low-support prompts     | 0.515809 | 0.710623 | 0.531207 | 0.628091 | 0.473157 | 0.442663 | 0.6472   | 0.47823  | 0.545402 | 0.539357 | 0.485429 | 0.749099 | 1        |