# Inter-Features Correlation

| Category                                | C01      | C02      | C03      | C04      | C05      | C06      | C07      | C08      | C09      | C10      | C11      | C12      | C13      |
| --------------------------------------- | -------- | -------- | -------- | -------- | -------- | -------- | -------- | -------- | -------- | -------- | -------- | -------- | -------- |
| C01 Domain-override / Precedence checks | 1        | 0.563716 | 0.434781 | 0.518123 | 0.465543 | 0.414728 | 0.480954 | 0.459439 | 0.47458  | 0.182386 | 0.558938 | 0.569859 | 0.480839 |
| C02 Event-log fact-extraction           | 0.563716 | 1        | 0.489732 | 0.689624 | 0.493476 | 0.631647 | 0.690323 | 0.617782 | 0.72053  | 0.297493 | 0.709599 | 0.801203 | 0.678688 |
| C03 Text to Model reconstruction        | 0.434781 | 0.489732 | 1        | 0.417793 | 0.426119 | 0.384758 | 0.451281 | 0.412343 | 0.462361 | 0.272017 | 0.458686 | 0.512553 | 0.397353 |
| C04 Compliance / Conformance reasoning  | 0.518123 | 0.689624 | 0.417793 | 1        | 0.620856 | 0.517674 | 0.604737 | 0.748259 | 0.550975 | 0.111647 | 0.643638 | 0.676862 | 0.531851 |
| C05 Counterfactual edits                | 0.465543 | 0.493476 | 0.426119 | 0.620856 | 1        | 0.378659 | 0.494538 | 0.548623 | 0.411371 | 0.138099 | 0.538931 | 0.54269  | 0.473916 |
| C06 Multi-process memory interference   | 0.414728 | 0.631647 | 0.384758 | 0.517674 | 0.378659 | 1        | 0.582111 | 0.513742 | 0.613295 | 0.217251 | 0.621094 | 0.633997 | 0.525676 |
| C07 Change-log diffing                  | 0.480954 | 0.690323 | 0.451281 | 0.604737 | 0.494538 | 0.582111 | 1        | 0.517793 | 0.676173 | 0.334011 | 0.730053 | 0.712934 | 0.570709 |
| C08 Temporal / concurrency reasoning    | 0.459439 | 0.617782 | 0.412343 | 0.748259 | 0.548623 | 0.513742 | 0.517793 | 1        | 0.530628 | 0.190665 | 0.584504 | 0.617391 | 0.478739 |
| C09 Unknown-should-remain-unknown       | 0.47458  | 0.72053  | 0.462361 | 0.550975 | 0.411371 | 0.613295 | 0.676173 | 0.530628 | 1        | 0.298709 | 0.677744 | 0.711252 | 0.631922 |
| C10 Domain-synonym enforcement          | 0.182386 | 0.297493 | 0.272017 | 0.111647 | 0.138099 | 0.217251 | 0.334011 | 0.190665 | 0.298709 | 1        | 0.231085 | 0.247115 | 0.315497 |
| C11 Performance analytics commentary    | 0.558938 | 0.709599 | 0.458686 | 0.643638 | 0.538931 | 0.621094 | 0.730053 | 0.584504 | 0.677744 | 0.231085 | 1        | 0.78684  | 0.579988 |
| C12 Misinformation injection            | 0.569859 | 0.801203 | 0.512553 | 0.676862 | 0.54269  | 0.633997 | 0.712934 | 0.617391 | 0.711252 | 0.247115 | 0.78684  | 1        | 0.659935 |
| C13 Edge-case / low-support prompts     | 0.480839 | 0.678688 | 0.397353 | 0.531851 | 0.473916 | 0.525676 | 0.570709 | 0.478739 | 0.631922 | 0.315497 | 0.579988 | 0.659935 | 1        |