# Inter-Features Correlation

| Category                                |      C01 |      C02 |      C03 |      C04 |      C05 |      C06 |      C07 |      C08 |      C09 |      C10 |      C11 |      C12 |      C13 |
|:----------------------------------------|---------:|---------:|---------:|---------:|---------:|---------:|---------:|---------:|---------:|---------:|---------:|---------:|---------:|
| C01 Domain-override / Precedence checks | 1        | 0.555658 | 0.422108 | 0.498843 | 0.434612 | 0.412396 | 0.478607 | 0.45391  | 0.467537 | 0.246434 | 0.569608 | 0.56783  | 0.526709 |
| C02 Event-log fact-extraction           | 0.555658 | 1        | 0.484206 | 0.680215 | 0.466015 | 0.608139 | 0.676396 | 0.598672 | 0.696532 | 0.353868 | 0.689546 | 0.778001 | 0.688972 |
| C03 Text to Model reconstruction        | 0.422108 | 0.484206 | 1        | 0.416412 | 0.428995 | 0.369726 | 0.45622  | 0.40749  | 0.4929   | 0.362577 | 0.464447 | 0.516993 | 0.436686 |
| C04 Compliance / Conformance reasoning  | 0.498843 | 0.680215 | 0.416412 | 1        | 0.614072 | 0.499947 | 0.59287  | 0.73113  | 0.553785 | 0.147317 | 0.659348 | 0.670573 | 0.527391 |
| C05 Counterfactual edits                | 0.434612 | 0.466015 | 0.428995 | 0.614072 | 1        | 0.39134  | 0.506276 | 0.537313 | 0.401671 | 0.209149 | 0.558343 | 0.521711 | 0.462364 |
| C06 Multi-process memory interference   | 0.412396 | 0.608139 | 0.369726 | 0.499947 | 0.39134  | 1        | 0.551787 | 0.496896 | 0.616093 | 0.266503 | 0.594187 | 0.609879 | 0.553827 |
| C07 Change-log diffing                  | 0.478607 | 0.676396 | 0.45622  | 0.59287  | 0.506276 | 0.551787 | 1        | 0.499156 | 0.691947 | 0.394802 | 0.735412 | 0.709346 | 0.592192 |
| C08 Temporal / concurrency reasoning    | 0.45391  | 0.598672 | 0.40749  | 0.73113  | 0.537313 | 0.496896 | 0.499156 | 1        | 0.529519 | 0.244461 | 0.591224 | 0.608296 | 0.479075 |
| C09 Unknown-should-remain-unknown       | 0.467537 | 0.696532 | 0.4929   | 0.553785 | 0.401671 | 0.616093 | 0.691947 | 0.529519 | 1        | 0.375993 | 0.668424 | 0.691323 | 0.634869 |
| C10 Domain-synonym enforcement          | 0.246434 | 0.353868 | 0.362577 | 0.147317 | 0.209149 | 0.266503 | 0.394802 | 0.244461 | 0.375993 | 1        | 0.295787 | 0.324664 | 0.383647 |
| C11 Performance analytics commentary    | 0.569608 | 0.689546 | 0.464447 | 0.659348 | 0.558343 | 0.594187 | 0.735412 | 0.591224 | 0.668424 | 0.295787 | 1        | 0.772997 | 0.612579 |
| C12 Misinformation injection            | 0.56783  | 0.778001 | 0.516993 | 0.670573 | 0.521711 | 0.609879 | 0.709346 | 0.608296 | 0.691323 | 0.324664 | 0.772997 | 1        | 0.667093 |
| C13 Edge-case / low-support prompts     | 0.526709 | 0.688972 | 0.436686 | 0.527391 | 0.462364 | 0.553827 | 0.592192 | 0.479075 | 0.634869 | 0.383647 | 0.612579 | 0.667093 | 1        |