# Inter-Features Correlation

| Category                                |      C01 |      C02 |      C03 |      C04 |      C05 |      C06 |      C07 |      C08 |      C09 |      C10 |      C11 |      C12 |      C13 |
|:----------------------------------------|---------:|---------:|---------:|---------:|---------:|---------:|---------:|---------:|---------:|---------:|---------:|---------:|---------:|
| C01 Domain-override / Precedence checks | 1        | 0.558778 | 0.423257 | 0.500123 | 0.417553 | 0.419525 | 0.477388 | 0.459116 | 0.466244 | 0.271824 | 0.568881 | 0.565574 | 0.523482 |
| C02 Event-log fact-extraction           | 0.558778 | 1        | 0.487544 | 0.680025 | 0.465533 | 0.607412 | 0.674861 | 0.599638 | 0.695142 | 0.362469 | 0.690925 | 0.777513 | 0.68699  |
| C03 Text to Model reconstruction        | 0.423257 | 0.487544 | 1        | 0.422731 | 0.429241 | 0.378576 | 0.469213 | 0.410775 | 0.500099 | 0.367252 | 0.480968 | 0.522559 | 0.442756 |
| C04 Compliance / Conformance reasoning  | 0.500123 | 0.680025 | 0.422731 | 1        | 0.615622 | 0.501474 | 0.585173 | 0.731565 | 0.553601 | 0.16049  | 0.652538 | 0.667884 | 0.515224 |
| C05 Counterfactual edits                | 0.417553 | 0.465533 | 0.429241 | 0.615622 | 1        | 0.395523 | 0.507831 | 0.534027 | 0.399986 | 0.234238 | 0.553966 | 0.520852 | 0.460043 |
| C06 Multi-process memory interference   | 0.419525 | 0.607412 | 0.378576 | 0.501474 | 0.395523 | 1        | 0.548829 | 0.501488 | 0.613999 | 0.272702 | 0.594696 | 0.611769 | 0.554271 |
| C07 Change-log diffing                  | 0.477388 | 0.674861 | 0.469213 | 0.585173 | 0.507831 | 0.548829 | 1        | 0.500218 | 0.689268 | 0.411623 | 0.730008 | 0.707137 | 0.583788 |
| C08 Temporal / concurrency reasoning    | 0.459116 | 0.599638 | 0.410775 | 0.731565 | 0.534027 | 0.501488 | 0.500218 | 1        | 0.534444 | 0.26076  | 0.591487 | 0.609522 | 0.476705 |
| C09 Unknown-should-remain-unknown       | 0.466244 | 0.695142 | 0.500099 | 0.553601 | 0.399986 | 0.613999 | 0.689268 | 0.534444 | 1        | 0.386534 | 0.667759 | 0.690965 | 0.63304  |
| C10 Domain-synonym enforcement          | 0.271824 | 0.362469 | 0.367252 | 0.16049  | 0.234238 | 0.272702 | 0.411623 | 0.26076  | 0.386534 | 1        | 0.32279  | 0.339143 | 0.3997   |
| C11 Performance analytics commentary    | 0.568881 | 0.690925 | 0.480968 | 0.652538 | 0.553966 | 0.594696 | 0.730008 | 0.591487 | 0.667759 | 0.32279  | 1        | 0.773306 | 0.605374 |
| C12 Misinformation injection            | 0.565574 | 0.777513 | 0.522559 | 0.667884 | 0.520852 | 0.611769 | 0.707137 | 0.609522 | 0.690965 | 0.339143 | 0.773306 | 1        | 0.661279 |
| C13 Edge-case / low-support prompts     | 0.523482 | 0.68699  | 0.442756 | 0.515224 | 0.460043 | 0.554271 | 0.583788 | 0.476705 | 0.63304  | 0.3997   | 0.605374 | 0.661279 | 1        |