# Inter-Features Correlation

| Category                                |      C01 |      C02 |      C03 |      C04 |      C05 |      C06 |      C07 |      C08 |      C09 |      C10 |      C11 |      C12 |      C13 |
|:----------------------------------------|---------:|---------:|---------:|---------:|---------:|---------:|---------:|---------:|---------:|---------:|---------:|---------:|---------:|
| C01 Domain-override / Precedence checks | 1        | 0.515934 | 0.377043 | 0.467348 | 0.383337 | 0.371116 | 0.438576 | 0.465228 | 0.449116 | 0.22917  | 0.541104 | 0.522284 | 0.462939 |
| C02 Event-log fact-extraction           | 0.515934 | 1        | 0.475536 | 0.644626 | 0.46046  | 0.55348  | 0.641449 | 0.61722  | 0.70928  | 0.312092 | 0.641093 | 0.738931 | 0.618089 |
| C03 Text to Model reconstruction        | 0.377043 | 0.475536 | 1        | 0.388127 | 0.365523 | 0.364221 | 0.437531 | 0.383236 | 0.493488 | 0.359333 | 0.444356 | 0.500298 | 0.407515 |
| C04 Compliance / Conformance reasoning  | 0.467348 | 0.644626 | 0.388127 | 1        | 0.617975 | 0.474098 | 0.55822  | 0.733511 | 0.543301 | 0.128573 | 0.621683 | 0.634842 | 0.498078 |
| C05 Counterfactual edits                | 0.383337 | 0.46046  | 0.365523 | 0.617975 | 1        | 0.391818 | 0.467346 | 0.536982 | 0.367272 | 0.233963 | 0.501498 | 0.485354 | 0.43561  |
| C06 Multi-process memory interference   | 0.371116 | 0.55348  | 0.364221 | 0.474098 | 0.391818 | 1        | 0.522932 | 0.493016 | 0.591276 | 0.240836 | 0.571371 | 0.572075 | 0.492749 |
| C07 Change-log diffing                  | 0.438576 | 0.641449 | 0.437531 | 0.55822  | 0.467346 | 0.522932 | 1        | 0.515886 | 0.725635 | 0.390854 | 0.677305 | 0.6537   | 0.535098 |
| C08 Temporal / concurrency reasoning    | 0.465228 | 0.61722  | 0.383236 | 0.733511 | 0.536982 | 0.493016 | 0.515886 | 1        | 0.513811 | 0.278688 | 0.607594 | 0.618594 | 0.512078 |
| C09 Unknown-should-remain-unknown       | 0.449116 | 0.70928  | 0.493488 | 0.543301 | 0.367272 | 0.591276 | 0.725635 | 0.513811 | 1        | 0.400464 | 0.687375 | 0.690755 | 0.616454 |
| C10 Domain-synonym enforcement          | 0.22917  | 0.312092 | 0.359333 | 0.128573 | 0.233963 | 0.240836 | 0.390854 | 0.278688 | 0.400464 | 1        | 0.316656 | 0.306909 | 0.321194 |
| C11 Performance analytics commentary    | 0.541104 | 0.641093 | 0.444356 | 0.621683 | 0.501498 | 0.571371 | 0.677305 | 0.607594 | 0.687375 | 0.316656 | 1        | 0.730774 | 0.558349 |
| C12 Misinformation injection            | 0.522284 | 0.738931 | 0.500298 | 0.634842 | 0.485354 | 0.572075 | 0.6537   | 0.618594 | 0.690755 | 0.306909 | 0.730774 | 1        | 0.612651 |
| C13 Edge-case / low-support prompts     | 0.462939 | 0.618089 | 0.407515 | 0.498078 | 0.43561  | 0.492749 | 0.535098 | 0.512078 | 0.616454 | 0.321194 | 0.558349 | 0.612651 | 1        |