# Inter-Features Correlation

| Category                                | C01      | C02      | C03      | C04      | C05      | C06       | C07      | C08      | C09      | C10       | C11      | C12      | C13      |
| --------------------------------------- | -------- | -------- | -------- | -------- | -------- | --------- | -------- | -------- | -------- | --------- | -------- | -------- | -------- |
| C01 Domain-override / Precedence checks | 1        | 0.273462 | 0.225184 | 0.296024 | 0.355544 | 0.164317  | 0.420897 | 0.245874 | 0.211551 | 0.137362  | 0.337363 | 0.308939 | 0.202003 |
| C02 Event-log fact-extraction           | 0.273462 | 1        | 0.188094 | 0.454423 | 0.34039  | 0.148882  | 0.334907 | 0.505748 | 0.251949 | 0.11304   | 0.205806 | 0.237015 | 0.186311 |
| C03 Text to Model reconstruction        | 0.225184 | 0.188094 | 1        | 0.309185 | 0.274003 | 0.140649  | 0.272016 | 0.198126 | -0.02475 | 0.062578  | 0.251446 | 0.273179 | 0.151388 |
| C04 Compliance / Conformance reasoning  | 0.296024 | 0.454423 | 0.309185 | 1        | 0.564614 | 0.340354  | 0.432489 | 0.578481 | 0.200667 | 0.133583  | 0.357373 | 0.345385 | 0.281992 |
| C05 Counterfactual edits                | 0.355544 | 0.34039  | 0.274003 | 0.564614 | 1        | 0.233071  | 0.365439 | 0.383825 | 0.203448 | 0.166095  | 0.356379 | 0.36943  | 0.398403 |
| C06 Multi-process memory interference   | 0.164317 | 0.148882 | 0.140649 | 0.340354 | 0.233071 | 1         | 0.195817 | 0.319871 | 0.031863 | -0.014179 | 0.270849 | 0.163043 | 0.146287 |
| C07 Change-log diffing                  | 0.420897 | 0.334907 | 0.272016 | 0.432489 | 0.365439 | 0.195817  | 1        | 0.3272   | 0.241701 | 0.085014  | 0.47674  | 0.43763  | 0.160754 |
| C08 Temporal / concurrency reasoning    | 0.245874 | 0.505748 | 0.198126 | 0.578481 | 0.383825 | 0.319871  | 0.3272   | 1        | 0.200993 | 0.033688  | 0.244632 | 0.391909 | 0.196726 |
| C09 Unknown-should-remain-unknown       | 0.211551 | 0.251949 | -0.02475 | 0.200667 | 0.203448 | 0.031863  | 0.241701 | 0.200993 | 1        | 0.049485  | 0.339434 | 0.339016 | 0.189369 |
| C10 Domain-synonym enforcement          | 0.137362 | 0.11304  | 0.062578 | 0.133583 | 0.166095 | -0.014179 | 0.085014 | 0.033688 | 0.049485 | 1         | 0.11306  | 0.132105 | 0.161562 |
| C11 Performance analytics commentary    | 0.337363 | 0.205806 | 0.251446 | 0.357373 | 0.356379 | 0.270849  | 0.47674  | 0.244632 | 0.339434 | 0.11306   | 1        | 0.489111 | 0.263577 |
| C12 Misinformation injection            | 0.308939 | 0.237015 | 0.273179 | 0.345385 | 0.36943  | 0.163043  | 0.43763  | 0.391909 | 0.339016 | 0.132105  | 0.489111 | 1        | 0.376975 |
| C13 Edge-case / low-support prompts     | 0.202003 | 0.186311 | 0.151388 | 0.281992 | 0.398403 | 0.146287  | 0.160754 | 0.196726 | 0.189369 | 0.161562  | 0.263577 | 0.376975 | 1        |