# Inter-Features Correlation

| Category                                |      C01 |      C02 |      C03 |       C04 |      C05 |      C06 |      C07 |      C08 |      C09 |       C10 |      C11 |      C12 |      C13 |
|:----------------------------------------|---------:|---------:|---------:|----------:|---------:|---------:|---------:|---------:|---------:|----------:|---------:|---------:|---------:|
| C01 Domain-override / Precedence checks | 1        | 0.357886 | 0.32013  | 0.404731  | 0.309929 | 0.35437  | 0.318657 | 0.438156 | 0.33264  | 0.154369  | 0.426346 | 0.390286 | 0.427175 |
| C02 Event-log fact-extraction           | 0.357886 | 1        | 0.384254 | 0.539836  | 0.339286 | 0.515647 | 0.500277 | 0.48855  | 0.611454 | 0.219211  | 0.496675 | 0.60856  | 0.625448 |
| C03 Text to Model reconstruction        | 0.32013  | 0.384254 | 1        | 0.322425  | 0.293723 | 0.437265 | 0.338452 | 0.318594 | 0.453863 | 0.295136  | 0.370264 | 0.445968 | 0.407103 |
| C04 Compliance / Conformance reasoning  | 0.404731 | 0.539836 | 0.322425 | 1         | 0.604035 | 0.455367 | 0.409347 | 0.660758 | 0.413853 | 0.0451866 | 0.489345 | 0.565496 | 0.450958 |
| C05 Counterfactual edits                | 0.309929 | 0.339286 | 0.293723 | 0.604035  | 1        | 0.417593 | 0.379169 | 0.464659 | 0.353573 | 0.134776  | 0.474684 | 0.442066 | 0.400137 |
| C06 Multi-process memory interference   | 0.35437  | 0.515647 | 0.437265 | 0.455367  | 0.417593 | 1        | 0.565753 | 0.491099 | 0.616679 | 0.379987  | 0.618554 | 0.566129 | 0.561131 |
| C07 Change-log diffing                  | 0.318657 | 0.500277 | 0.338452 | 0.409347  | 0.379169 | 0.565753 | 1        | 0.399755 | 0.571095 | 0.313502  | 0.56405  | 0.495    | 0.511719 |
| C08 Temporal / concurrency reasoning    | 0.438156 | 0.48855  | 0.318594 | 0.660758  | 0.464659 | 0.491099 | 0.399755 | 1        | 0.434219 | 0.245043  | 0.520409 | 0.601946 | 0.465751 |
| C09 Unknown-should-remain-unknown       | 0.33264  | 0.611454 | 0.453863 | 0.413853  | 0.353573 | 0.616679 | 0.571095 | 0.434219 | 1        | 0.297973  | 0.570064 | 0.623208 | 0.656295 |
| C10 Domain-synonym enforcement          | 0.154369 | 0.219211 | 0.295136 | 0.0451866 | 0.134776 | 0.379987 | 0.313502 | 0.245043 | 0.297973 | 1         | 0.224129 | 0.257018 | 0.399944 |
| C11 Performance analytics commentary    | 0.426346 | 0.496675 | 0.370264 | 0.489345  | 0.474684 | 0.618554 | 0.56405  | 0.520409 | 0.570064 | 0.224129  | 1        | 0.581582 | 0.525399 |
| C12 Misinformation injection            | 0.390286 | 0.60856  | 0.445968 | 0.565496  | 0.442066 | 0.566129 | 0.495    | 0.601946 | 0.623208 | 0.257018  | 0.581582 | 1        | 0.650249 |
| C13 Edge-case / low-support prompts     | 0.427175 | 0.625448 | 0.407103 | 0.450958  | 0.400137 | 0.561131 | 0.511719 | 0.465751 | 0.656295 | 0.399944  | 0.525399 | 0.650249 | 1        |