# Inter-Features Correlation

| Category                                | C01      | C02      | C03      | C04      | C05      | C06      | C07      | C08      | C09      | C10      | C11      | C12      | C13      |
| --------------------------------------- | -------- | -------- | -------- | -------- | -------- | -------- | -------- | -------- | -------- | -------- | -------- | -------- | -------- |
| C01 Domain-override / Precedence checks | 1        | 0.578208 | 0.436298 | 0.534805 | 0.461792 | 0.431617 | 0.50056  | 0.475247 | 0.498081 | 0.186417 | 0.603759 | 0.592579 | 0.513927 |
| C02 Event-log fact-extraction           | 0.578208 | 1        | 0.496488 | 0.70026  | 0.495124 | 0.633981 | 0.70181  | 0.622574 | 0.718634 | 0.310748 | 0.71706  | 0.800052 | 0.668858 |
| C03 Text to Model reconstruction        | 0.436298 | 0.496488 | 1        | 0.416604 | 0.421646 | 0.391198 | 0.461207 | 0.404626 | 0.477594 | 0.278545 | 0.481187 | 0.523558 | 0.406968 |
| C04 Compliance / Conformance reasoning  | 0.534805 | 0.70026  | 0.416604 | 1        | 0.622107 | 0.520272 | 0.612601 | 0.746947 | 0.572083 | 0.128598 | 0.66753  | 0.682017 | 0.537004 |
| C05 Counterfactual edits                | 0.461792 | 0.495124 | 0.421646 | 0.622107 | 1        | 0.385253 | 0.50302  | 0.548743 | 0.418036 | 0.142925 | 0.56552  | 0.550273 | 0.472114 |
| C06 Multi-process memory interference   | 0.431617 | 0.633981 | 0.391198 | 0.520272 | 0.385253 | 1        | 0.583484 | 0.51257  | 0.629006 | 0.225486 | 0.626671 | 0.633159 | 0.525966 |
| C07 Change-log diffing                  | 0.50056  | 0.70181  | 0.461207 | 0.612601 | 0.50302  | 0.583484 | 1        | 0.520576 | 0.703803 | 0.339037 | 0.741698 | 0.721613 | 0.580462 |
| C08 Temporal / concurrency reasoning    | 0.475247 | 0.622574 | 0.404626 | 0.746947 | 0.548743 | 0.51257  | 0.520576 | 1        | 0.546586 | 0.206002 | 0.598    | 0.618792 | 0.477697 |
| C09 Unknown-should-remain-unknown       | 0.498081 | 0.718634 | 0.477594 | 0.572083 | 0.418036 | 0.629006 | 0.703803 | 0.546586 | 1        | 0.319582 | 0.695872 | 0.716276 | 0.623982 |
| C10 Domain-synonym enforcement          | 0.186417 | 0.310748 | 0.278545 | 0.128598 | 0.142925 | 0.225486 | 0.339037 | 0.206002 | 0.319582 | 1        | 0.238739 | 0.262155 | 0.337682 |
| C11 Performance analytics commentary    | 0.603759 | 0.71706  | 0.481187 | 0.66753  | 0.56552  | 0.626671 | 0.741698 | 0.598    | 0.695872 | 0.238739 | 1        | 0.794757 | 0.588672 |
| C12 Misinformation injection            | 0.592579 | 0.800052 | 0.523558 | 0.682017 | 0.550273 | 0.633159 | 0.721613 | 0.618792 | 0.716276 | 0.262155 | 0.794757 | 1        | 0.64986  |
| C13 Edge-case / low-support prompts     | 0.513927 | 0.668858 | 0.406968 | 0.537004 | 0.472114 | 0.525966 | 0.580462 | 0.477697 | 0.623982 | 0.337682 | 0.588672 | 0.64986  | 1        |