# Inter-Features Correlation

| Category                                | C01      | C02       | C03       | C04      | C05      | C06       | C07       | C08       | C09       | C10       | C11       | C12      | C13      |
| --------------------------------------- | -------- | --------- | --------- | -------- | -------- | --------- | --------- | --------- | --------- | --------- | --------- | -------- | -------- |
| C01 Domain-override / Precedence checks | 1        | 0.341215  | 0.21486   | 0.312139 | 0.316508 | 0.159553  | 0.443676  | 0.29553   | 0.217978  | 0.070068  | 0.372405  | 0.341613 | 0.219466 |
| C02 Event-log fact-extraction           | 0.341215 | 1         | 0.155344  | 0.486027 | 0.30834  | 0.290092  | 0.482221  | 0.555848  | 0.313521  | -0.020923 | 0.34134   | 0.352294 | 0.24011  |
| C03 Text to Model reconstruction        | 0.21486  | 0.155344  | 1         | 0.212705 | 0.089452 | 0.136057  | 0.210853  | 0.120918  | -0.005016 | 0.077427  | 0.179989  | 0.166224 | 0.119204 |
| C04 Compliance / Conformance reasoning  | 0.312139 | 0.486027  | 0.212705  | 1        | 0.554657 | 0.35613   | 0.479566  | 0.624495  | 0.239264  | 0.038716  | 0.442903  | 0.401037 | 0.368107 |
| C05 Counterfactual edits                | 0.316508 | 0.30834   | 0.089452  | 0.554657 | 1        | 0.246655  | 0.358301  | 0.400173  | 0.183363  | 0.101254  | 0.361661  | 0.390538 | 0.342362 |
| C06 Multi-process memory interference   | 0.159553 | 0.290092  | 0.136057  | 0.35613  | 0.246655 | 1         | 0.232287  | 0.317181  | 0.086471  | -0.048782 | 0.294175  | 0.197949 | 0.145128 |
| C07 Change-log diffing                  | 0.443676 | 0.482221  | 0.210853  | 0.479566 | 0.358301 | 0.232287  | 1         | 0.463633  | 0.312125  | -0.033047 | 0.561697  | 0.496899 | 0.252993 |
| C08 Temporal / concurrency reasoning    | 0.29553  | 0.555848  | 0.120918  | 0.624495 | 0.400173 | 0.317181  | 0.463633  | 1         | 0.280952  | -0.080323 | 0.357056  | 0.486007 | 0.325474 |
| C09 Unknown-should-remain-unknown       | 0.217978 | 0.313521  | -0.005016 | 0.239264 | 0.183363 | 0.086471  | 0.312125  | 0.280952  | 1         | -0.012835 | 0.375925  | 0.368366 | 0.231695 |
| C10 Domain-synonym enforcement          | 0.070068 | -0.020923 | 0.077427  | 0.038716 | 0.101254 | -0.048782 | -0.033047 | -0.080323 | -0.012835 | 1         | -0.022892 | 0.002718 | 0.072309 |
| C11 Performance analytics commentary    | 0.372405 | 0.34134   | 0.179989  | 0.442903 | 0.361661 | 0.294175  | 0.561697  | 0.357056  | 0.375925  | -0.022892 | 1         | 0.495369 | 0.345935 |
| C12 Misinformation injection            | 0.341613 | 0.352294  | 0.166224  | 0.401037 | 0.390538 | 0.197949  | 0.496899  | 0.486007  | 0.368366  | 0.002718  | 0.495369  | 1        | 0.414598 |
| C13 Edge-case / low-support prompts     | 0.219466 | 0.24011   | 0.119204  | 0.368107 | 0.342362 | 0.145128  | 0.252993  | 0.325474  | 0.231695  | 0.072309  | 0.345935  | 0.414598 | 1        |