# Inter-Features Correlation

| Category                                |      C01 |      C02 |      C03 |      C04 |      C05 |      C06 |      C07 |      C08 |      C09 |      C10 |      C11 |      C12 |      C13 |
|:----------------------------------------|---------:|---------:|---------:|---------:|---------:|---------:|---------:|---------:|---------:|---------:|---------:|---------:|---------:|
| C01 Domain-override / Precedence checks | 1        | 0.575748 | 0.436347 | 0.529243 | 0.474582 | 0.412944 | 0.497476 | 0.474771 | 0.485995 | 0.199928 | 0.597837 | 0.590033 | 0.507821 |
| C02 Event-log fact-extraction           | 0.575748 | 1        | 0.494917 | 0.694959 | 0.48874  | 0.621853 | 0.692462 | 0.61777  | 0.71034  | 0.323493 | 0.712292 | 0.789816 | 0.657296 |
| C03 Text to Model reconstruction        | 0.436347 | 0.494917 | 1        | 0.409114 | 0.414421 | 0.383715 | 0.462507 | 0.402791 | 0.503031 | 0.29039  | 0.484391 | 0.523235 | 0.406362 |
| C04 Compliance / Conformance reasoning  | 0.529243 | 0.694959 | 0.409114 | 1        | 0.629339 | 0.50529  | 0.609327 | 0.74844  | 0.56001  | 0.133754 | 0.666442 | 0.682146 | 0.526441 |
| C05 Counterfactual edits                | 0.474582 | 0.48874  | 0.414421 | 0.629339 | 1        | 0.379333 | 0.516117 | 0.54857  | 0.415447 | 0.154535 | 0.570564 | 0.547621 | 0.457932 |
| C06 Multi-process memory interference   | 0.412944 | 0.621853 | 0.383715 | 0.50529  | 0.379333 | 1        | 0.57689  | 0.503291 | 0.626241 | 0.249971 | 0.608744 | 0.613383 | 0.51809  |
| C07 Change-log diffing                  | 0.497476 | 0.692462 | 0.462507 | 0.609327 | 0.516117 | 0.57689  | 1        | 0.515758 | 0.703663 | 0.354581 | 0.751952 | 0.724918 | 0.568989 |
| C08 Temporal / concurrency reasoning    | 0.474771 | 0.61777  | 0.402791 | 0.74844  | 0.54857  | 0.503291 | 0.515758 | 1        | 0.54043  | 0.223752 | 0.59765  | 0.620769 | 0.479073 |
| C09 Unknown-should-remain-unknown       | 0.485995 | 0.71034  | 0.503031 | 0.56001  | 0.415447 | 0.626241 | 0.703663 | 0.54043  | 1        | 0.341554 | 0.685696 | 0.705506 | 0.606748 |
| C10 Domain-synonym enforcement          | 0.199928 | 0.323493 | 0.29039  | 0.133754 | 0.154535 | 0.249971 | 0.354581 | 0.223752 | 0.341554 | 1        | 0.243231 | 0.2777   | 0.352301 |
| C11 Performance analytics commentary    | 0.597837 | 0.712292 | 0.484391 | 0.666442 | 0.570564 | 0.608744 | 0.751952 | 0.59765  | 0.685696 | 0.243231 | 1        | 0.788872 | 0.573177 |
| C12 Misinformation injection            | 0.590033 | 0.789816 | 0.523235 | 0.682146 | 0.547621 | 0.613383 | 0.724918 | 0.620769 | 0.705506 | 0.2777   | 0.788872 | 1        | 0.640336 |
| C13 Edge-case / low-support prompts     | 0.507821 | 0.657296 | 0.406362 | 0.526441 | 0.457932 | 0.51809  | 0.568989 | 0.479073 | 0.606748 | 0.352301 | 0.573177 | 0.640336 | 1        |