# Inter-Features Correlation

| Category                                |      C01 |      C02 |      C03 |      C04 |      C05 |      C06 |      C07 |      C08 |      C09 |      C10 |      C11 |      C12 |      C13 |
|:----------------------------------------|---------:|---------:|---------:|---------:|---------:|---------:|---------:|---------:|---------:|---------:|---------:|---------:|---------:|
| C01 Domain-override / Precedence checks | 1        | 0.474905 | 0.379987 | 0.477469 | 0.335459 | 0.372272 | 0.42673  | 0.489809 | 0.44471  | 0.261035 | 0.523955 | 0.468118 | 0.450875 |
| C02 Event-log fact-extraction           | 0.474905 | 1        | 0.472011 | 0.650124 | 0.44425  | 0.532959 | 0.617877 | 0.635378 | 0.704123 | 0.308069 | 0.621949 | 0.728176 | 0.595009 |
| C03 Text to Model reconstruction        | 0.379987 | 0.472011 | 1        | 0.399274 | 0.385281 | 0.383378 | 0.447072 | 0.375821 | 0.49814  | 0.361922 | 0.484523 | 0.521825 | 0.384675 |
| C04 Compliance / Conformance reasoning  | 0.477469 | 0.650124 | 0.399274 | 1        | 0.608866 | 0.463645 | 0.521491 | 0.713235 | 0.520298 | 0.141954 | 0.56899  | 0.610228 | 0.481427 |
| C05 Counterfactual edits                | 0.335459 | 0.44425  | 0.385281 | 0.608866 | 1        | 0.381096 | 0.465269 | 0.523486 | 0.366813 | 0.288372 | 0.494538 | 0.440736 | 0.405894 |
| C06 Multi-process memory interference   | 0.372272 | 0.532959 | 0.383378 | 0.463645 | 0.381096 | 1        | 0.504107 | 0.511432 | 0.584718 | 0.228537 | 0.580635 | 0.558588 | 0.47139  |
| C07 Change-log diffing                  | 0.42673  | 0.617877 | 0.447072 | 0.521491 | 0.465269 | 0.504107 | 1        | 0.494838 | 0.703279 | 0.383438 | 0.663015 | 0.640824 | 0.514958 |
| C08 Temporal / concurrency reasoning    | 0.489809 | 0.635378 | 0.375821 | 0.713235 | 0.523486 | 0.511432 | 0.494838 | 1        | 0.508978 | 0.278875 | 0.587956 | 0.61931  | 0.479392 |
| C09 Unknown-should-remain-unknown       | 0.44471  | 0.704123 | 0.49814  | 0.520298 | 0.366813 | 0.584718 | 0.703279 | 0.508978 | 1        | 0.378846 | 0.66263  | 0.692933 | 0.594072 |
| C10 Domain-synonym enforcement          | 0.261035 | 0.308069 | 0.361922 | 0.141954 | 0.288372 | 0.228537 | 0.383438 | 0.278875 | 0.378846 | 1        | 0.31116  | 0.300583 | 0.368241 |
| C11 Performance analytics commentary    | 0.523955 | 0.621949 | 0.484523 | 0.56899  | 0.494538 | 0.580635 | 0.663015 | 0.587956 | 0.66263  | 0.31116  | 1        | 0.714736 | 0.50463  |
| C12 Misinformation injection            | 0.468118 | 0.728176 | 0.521825 | 0.610228 | 0.440736 | 0.558588 | 0.640824 | 0.61931  | 0.692933 | 0.300583 | 0.714736 | 1        | 0.552908 |
| C13 Edge-case / low-support prompts     | 0.450875 | 0.595009 | 0.384675 | 0.481427 | 0.405894 | 0.47139  | 0.514958 | 0.479392 | 0.594072 | 0.368241 | 0.50463  | 0.552908 | 1        |