# Inter-Features Correlation

| Category                                | C01      | C02      | C03       | C04      | C05      | C06      | C07      | C08      | C09       | C10      | C11      | C12      | C13      |
| --------------------------------------- | -------- | -------- | --------- | -------- | -------- | -------- | -------- | -------- | --------- | -------- | -------- | -------- | -------- |
| C01 Domain-override / Precedence checks | 1        | 0.279611 | 0.224821  | 0.292798 | 0.357995 | 0.170506 | 0.425169 | 0.284204 | 0.220635  | 0.146422 | 0.333239 | 0.302459 | 0.201332 |
| C02 Event-log fact-extraction           | 0.279611 | 1        | 0.189744  | 0.449187 | 0.331978 | 0.146173 | 0.329114 | 0.514927 | 0.250638  | 0.103358 | 0.199963 | 0.21758  | 0.178923 |
| C03 Text to Model reconstruction        | 0.224821 | 0.189744 | 1         | 0.299795 | 0.29527  | 0.185642 | 0.268827 | 0.236889 | -0.029038 | 0.027199 | 0.26735  | 0.272434 | 0.165732 |
| C04 Compliance / Conformance reasoning  | 0.292798 | 0.449187 | 0.299795  | 1        | 0.568234 | 0.367801 | 0.427434 | 0.622651 | 0.207768  | 0.121173 | 0.363002 | 0.323686 | 0.27201  |
| C05 Counterfactual edits                | 0.357995 | 0.331978 | 0.29527   | 0.568234 | 1        | 0.215046 | 0.363504 | 0.381447 | 0.216989  | 0.17903  | 0.351383 | 0.356293 | 0.386328 |
| C06 Multi-process memory interference   | 0.170506 | 0.146173 | 0.185642  | 0.367801 | 0.215046 | 1        | 0.20689  | 0.291474 | 0.047016  | 0.013052 | 0.254227 | 0.156386 | 0.129849 |
| C07 Change-log diffing                  | 0.425169 | 0.329114 | 0.268827  | 0.427434 | 0.363504 | 0.20689  | 1        | 0.335202 | 0.253954  | 0.05924  | 0.490502 | 0.434009 | 0.160284 |
| C08 Temporal / concurrency reasoning    | 0.284204 | 0.514927 | 0.236889  | 0.622651 | 0.381447 | 0.291474 | 0.335202 | 1        | 0.232968  | 0.017577 | 0.250109 | 0.4061   | 0.192191 |
| C09 Unknown-should-remain-unknown       | 0.220635 | 0.250638 | -0.029038 | 0.207768 | 0.216989 | 0.047016 | 0.253954 | 0.232968 | 1         | 0.0647   | 0.347527 | 0.371498 | 0.208544 |
| C10 Domain-synonym enforcement          | 0.146422 | 0.103358 | 0.027199  | 0.121173 | 0.17903  | 0.013052 | 0.05924  | 0.017577 | 0.0647    | 1        | 0.137281 | 0.115076 | 0.188107 |
| C11 Performance analytics commentary    | 0.333239 | 0.199963 | 0.26735   | 0.363002 | 0.351383 | 0.254227 | 0.490502 | 0.250109 | 0.347527  | 0.137281 | 1        | 0.488192 | 0.25575  |
| C12 Misinformation injection            | 0.302459 | 0.21758  | 0.272434  | 0.323686 | 0.356293 | 0.156386 | 0.434009 | 0.4061   | 0.371498  | 0.115076 | 0.488192 | 1        | 0.359937 |
| C13 Edge-case / low-support prompts     | 0.201332 | 0.178923 | 0.165732  | 0.27201  | 0.386328 | 0.129849 | 0.160284 | 0.192191 | 0.208544  | 0.188107 | 0.25575  | 0.359937 | 1        |