# Inter-Features Correlation

| Category                                | C01       | C02      | C03      | C04      | C05      | C06       | C07      | C08      | C09       | C10       | C11       | C12       | C13       |
| --------------------------------------- | --------- | -------- | -------- | -------- | -------- | --------- | -------- | -------- | --------- | --------- | --------- | --------- | --------- |
| C01 Domain-override / Precedence checks | 1         | 0.314344 | 0.271457 | 0.334295 | 0.34008  | 0.146257  | 0.131658 | 0.287345 | 0.201499  | -0.044482 | 0.430825  | 0.313056  | 0.130626  |
| C02 Event-log fact-extraction           | 0.314344  | 1        | 0.137132 | 0.501844 | 0.382826 | 0.01654   | 0.210503 | 0.501214 | 0.540309  | 0.063489  | 0.31665   | 0.300557  | 0.394899  |
| C03 Text to Model reconstruction        | 0.271457  | 0.137132 | 1        | 0.139086 | 0.209745 | 0.089558  | 0.081393 | 0.129667 | 0.050225  | 0.104981  | 0.172832  | 0.125879  | 0.139003  |
| C04 Compliance / Conformance reasoning  | 0.334295  | 0.501844 | 0.139086 | 1        | 0.530998 | 0.296777  | 0.31335  | 0.696463 | 0.275359  | -0.03159  | 0.331684  | 0.344532  | 0.270018  |
| C05 Counterfactual edits                | 0.34008   | 0.382826 | 0.209745 | 0.530998 | 1        | 0.113507  | 0.22584  | 0.423674 | 0.18089   | 0.093456  | 0.323299  | 0.361686  | 0.313603  |
| C06 Multi-process memory interference   | 0.146257  | 0.01654  | 0.089558 | 0.296777 | 0.113507 | 1         | 0.125874 | 0.155606 | -0.055995 | 0.003214  | 0.254711  | 0.020332  | -0.020141 |
| C07 Change-log diffing                  | 0.131658  | 0.210503 | 0.081393 | 0.31335  | 0.22584  | 0.125874  | 1        | 0.127546 | 0.380754  | 0.000708  | 0.27846   | 0.246803  | 0.179946  |
| C08 Temporal / concurrency reasoning    | 0.287345  | 0.501214 | 0.129667 | 0.696463 | 0.423674 | 0.155606  | 0.127546 | 1        | 0.258495  | 0.053939  | 0.262754  | 0.285318  | 0.216604  |
| C09 Unknown-should-remain-unknown       | 0.201499  | 0.540309 | 0.050225 | 0.275359 | 0.18089  | -0.055995 | 0.380754 | 0.258495 | 1         | -0.06153  | 0.395644  | 0.450473  | 0.329553  |
| C10 Domain-synonym enforcement          | -0.044482 | 0.063489 | 0.104981 | -0.03159 | 0.093456 | 0.003214  | 0.000708 | 0.053939 | -0.06153  | 1         | -0.168022 | -0.093626 | 0.250475  |
| C11 Performance analytics commentary    | 0.430825  | 0.31665  | 0.172832 | 0.331684 | 0.323299 | 0.254711  | 0.27846  | 0.262754 | 0.395644  | -0.168022 | 1         | 0.310308  | -0.018307 |
| C12 Misinformation injection            | 0.313056  | 0.300557 | 0.125879 | 0.344532 | 0.361686 | 0.020332  | 0.246803 | 0.285318 | 0.450473  | -0.093626 | 0.310308  | 1         | 0.286239  |
| C13 Edge-case / low-support prompts     | 0.130626  | 0.394899 | 0.139003 | 0.270018 | 0.313603 | -0.020141 | 0.179946 | 0.216604 | 0.329553  | 0.250475  | -0.018307 | 0.286239  | 1         |