# Inter-Features Correlation

| Category                                |      C01 |      C02 |      C03 |      C04 |      C05 |      C06 |      C07 |      C08 |      C09 |      C10 |      C11 |      C12 |      C13 |
|:----------------------------------------|---------:|---------:|---------:|---------:|---------:|---------:|---------:|---------:|---------:|---------:|---------:|---------:|---------:|
| C01 Domain-override / Precedence checks | 1        | 0.576785 | 0.42845  | 0.534408 | 0.471952 | 0.42308  | 0.504936 | 0.482389 | 0.485729 | 0.218405 | 0.598205 | 0.592402 | 0.52125  |
| C02 Event-log fact-extraction           | 0.576785 | 1        | 0.489659 | 0.696566 | 0.485955 | 0.6283   | 0.692775 | 0.619483 | 0.709122 | 0.3481   | 0.70968  | 0.788051 | 0.66296  |
| C03 Text to Model reconstruction        | 0.42845  | 0.489659 | 1        | 0.405162 | 0.407605 | 0.39329  | 0.463839 | 0.403262 | 0.501388 | 0.333551 | 0.475472 | 0.517414 | 0.420238 |
| C04 Compliance / Conformance reasoning  | 0.534408 | 0.696566 | 0.405162 | 1        | 0.640252 | 0.502596 | 0.607284 | 0.745662 | 0.561331 | 0.149182 | 0.66674  | 0.684215 | 0.530968 |
| C05 Counterfactual edits                | 0.471952 | 0.485955 | 0.407605 | 0.640252 | 1        | 0.393631 | 0.521572 | 0.559498 | 0.41319  | 0.179068 | 0.56848  | 0.544639 | 0.467239 |
| C06 Multi-process memory interference   | 0.42308  | 0.6283   | 0.39329  | 0.502596 | 0.393631 | 1        | 0.57687  | 0.499749 | 0.631687 | 0.252494 | 0.61596  | 0.621344 | 0.518722 |
| C07 Change-log diffing                  | 0.504936 | 0.692775 | 0.463839 | 0.607284 | 0.521572 | 0.57687  | 1        | 0.512536 | 0.704683 | 0.372642 | 0.753052 | 0.725636 | 0.57028  |
| C08 Temporal / concurrency reasoning    | 0.482389 | 0.619483 | 0.403262 | 0.745662 | 0.559498 | 0.499749 | 0.512536 | 1        | 0.542238 | 0.237376 | 0.598747 | 0.62306  | 0.480911 |
| C09 Unknown-should-remain-unknown       | 0.485729 | 0.709122 | 0.501388 | 0.561331 | 0.41319  | 0.631687 | 0.704683 | 0.542238 | 1        | 0.360218 | 0.684545 | 0.704563 | 0.610816 |
| C10 Domain-synonym enforcement          | 0.218405 | 0.3481   | 0.333551 | 0.149182 | 0.179068 | 0.252494 | 0.372642 | 0.237376 | 0.360218 | 1        | 0.27082  | 0.305213 | 0.355869 |
| C11 Performance analytics commentary    | 0.598205 | 0.70968  | 0.475472 | 0.66674  | 0.56848  | 0.61596  | 0.753052 | 0.598747 | 0.684545 | 0.27082  | 1        | 0.786699 | 0.58044  |
| C12 Misinformation injection            | 0.592402 | 0.788051 | 0.517414 | 0.684215 | 0.544639 | 0.621344 | 0.725636 | 0.62306  | 0.704563 | 0.305213 | 0.786699 | 1        | 0.646814 |
| C13 Edge-case / low-support prompts     | 0.52125  | 0.66296  | 0.420238 | 0.530968 | 0.467239 | 0.518722 | 0.57028  | 0.480911 | 0.610816 | 0.355869 | 0.58044  | 0.646814 | 1        |