# Inter-Features Correlation

| Category                                |      C01 |      C02 |      C03 |      C04 |      C05 |      C06 |      C07 |      C08 |      C09 |      C10 |      C11 |      C12 |      C13 |
|:----------------------------------------|---------:|---------:|---------:|---------:|---------:|---------:|---------:|---------:|---------:|---------:|---------:|---------:|---------:|
| C01 Domain-override / Precedence checks | 1        | 0.521039 | 0.454962 | 0.419939 | 0.458368 | 0.369602 | 0.408449 | 0.318519 | 0.347844 | 0.22271  | 0.450257 | 0.418683 | 0.508178 |
| C02 Event-log fact-extraction           | 0.521039 | 1        | 0.438474 | 0.559053 | 0.348999 | 0.439284 | 0.535783 | 0.484669 | 0.294701 | 0.415561 | 0.314531 | 0.569973 | 0.685032 |
| C03 Text to Model reconstruction        | 0.454962 | 0.438474 | 1        | 0.480231 | 0.470536 | 0.345047 | 0.440921 | 0.473048 | 0.370259 | 0.509607 | 0.394999 | 0.439368 | 0.488176 |
| C04 Compliance / Conformance reasoning  | 0.419939 | 0.559053 | 0.480231 | 1        | 0.521703 | 0.326253 | 0.505881 | 0.59512  | 0.402791 | 0.413505 | 0.431778 | 0.603497 | 0.585207 |
| C05 Counterfactual edits                | 0.458368 | 0.348999 | 0.470536 | 0.521703 | 1        | 0.358624 | 0.480239 | 0.499443 | 0.283287 | 0.511805 | 0.486543 | 0.462816 | 0.428054 |
| C06 Multi-process memory interference   | 0.369602 | 0.439284 | 0.345047 | 0.326253 | 0.358624 | 1        | 0.297321 | 0.316221 | 0.310924 | 0.276647 | 0.515533 | 0.436637 | 0.350147 |
| C07 Change-log diffing                  | 0.408449 | 0.535783 | 0.440921 | 0.505881 | 0.480239 | 0.297321 | 1        | 0.552678 | 0.283468 | 0.477291 | 0.455763 | 0.549053 | 0.550543 |
| C08 Temporal / concurrency reasoning    | 0.318519 | 0.484669 | 0.473048 | 0.59512  | 0.499443 | 0.316221 | 0.552678 | 1        | 0.328218 | 0.493882 | 0.364624 | 0.556641 | 0.407722 |
| C09 Unknown-should-remain-unknown       | 0.347844 | 0.294701 | 0.370259 | 0.402791 | 0.283287 | 0.310924 | 0.283468 | 0.328218 | 1        | 0.397836 | 0.308264 | 0.586902 | 0.470983 |
| C10 Domain-synonym enforcement          | 0.22271  | 0.415561 | 0.509607 | 0.413505 | 0.511805 | 0.276647 | 0.477291 | 0.493882 | 0.397836 | 1        | 0.357679 | 0.488002 | 0.452023 |
| C11 Performance analytics commentary    | 0.450257 | 0.314531 | 0.394999 | 0.431778 | 0.486543 | 0.515533 | 0.455763 | 0.364624 | 0.308264 | 0.357679 | 1        | 0.392549 | 0.372514 |
| C12 Misinformation injection            | 0.418683 | 0.569973 | 0.439368 | 0.603497 | 0.462816 | 0.436637 | 0.549053 | 0.556641 | 0.586902 | 0.488002 | 0.392549 | 1        | 0.712702 |
| C13 Edge-case / low-support prompts     | 0.508178 | 0.685032 | 0.488176 | 0.585207 | 0.428054 | 0.350147 | 0.550543 | 0.407722 | 0.470983 | 0.452023 | 0.372514 | 0.712702 | 1        |