# Inter-Features Correlation

| Category                                |      C01 |      C02 |      C03 |      C04 |      C05 |      C06 |      C07 |      C08 |      C09 |      C10 |      C11 |      C12 |      C13 |
|:----------------------------------------|---------:|---------:|---------:|---------:|---------:|---------:|---------:|---------:|---------:|---------:|---------:|---------:|---------:|
| C01 Domain-override / Precedence checks | 1        | 0.412458 | 0.373559 | 0.443783 | 0.310493 | 0.306706 | 0.338897 | 0.301169 | 0.281946 | 0.204815 | 0.427127 | 0.398058 | 0.464418 |
| C02 Event-log fact-extraction           | 0.412458 | 1        | 0.463375 | 0.566185 | 0.385146 | 0.47779  | 0.645979 | 0.500151 | 0.488819 | 0.500954 | 0.415446 | 0.572763 | 0.68445  |
| C03 Text to Model reconstruction        | 0.373559 | 0.463375 | 1        | 0.477232 | 0.434062 | 0.374518 | 0.458028 | 0.4193   | 0.443949 | 0.52957  | 0.436373 | 0.440006 | 0.469554 |
| C04 Compliance / Conformance reasoning  | 0.443783 | 0.566185 | 0.477232 | 1        | 0.535226 | 0.407245 | 0.500483 | 0.615385 | 0.409288 | 0.430817 | 0.481371 | 0.631636 | 0.547043 |
| C05 Counterfactual edits                | 0.310493 | 0.385146 | 0.434062 | 0.535226 | 1        | 0.413543 | 0.451433 | 0.517579 | 0.273765 | 0.483356 | 0.482784 | 0.502083 | 0.421058 |
| C06 Multi-process memory interference   | 0.306706 | 0.47779  | 0.374518 | 0.407245 | 0.413543 | 1        | 0.361299 | 0.415593 | 0.349937 | 0.310694 | 0.536372 | 0.492319 | 0.373074 |
| C07 Change-log diffing                  | 0.338897 | 0.645979 | 0.458028 | 0.500483 | 0.451433 | 0.361299 | 1        | 0.516794 | 0.484243 | 0.565562 | 0.511109 | 0.569117 | 0.599523 |
| C08 Temporal / concurrency reasoning    | 0.301169 | 0.500151 | 0.4193   | 0.615385 | 0.517579 | 0.415593 | 0.516794 | 1        | 0.301664 | 0.497476 | 0.433637 | 0.57824  | 0.384341 |
| C09 Unknown-should-remain-unknown       | 0.281946 | 0.488819 | 0.443949 | 0.409288 | 0.273765 | 0.349937 | 0.484243 | 0.301664 | 1        | 0.479906 | 0.367076 | 0.539706 | 0.499174 |
| C10 Domain-synonym enforcement          | 0.204815 | 0.500954 | 0.52957  | 0.430817 | 0.483356 | 0.310694 | 0.565562 | 0.497476 | 0.479906 | 1        | 0.414788 | 0.535157 | 0.482816 |
| C11 Performance analytics commentary    | 0.427127 | 0.415446 | 0.436373 | 0.481371 | 0.482784 | 0.536372 | 0.511109 | 0.433637 | 0.367076 | 0.414788 | 1        | 0.451214 | 0.454841 |
| C12 Misinformation injection            | 0.398058 | 0.572763 | 0.440006 | 0.631636 | 0.502083 | 0.492319 | 0.569117 | 0.57824  | 0.539706 | 0.535157 | 0.451214 | 1        | 0.702821 |
| C13 Edge-case / low-support prompts     | 0.464418 | 0.68445  | 0.469554 | 0.547043 | 0.421058 | 0.373074 | 0.599523 | 0.384341 | 0.499174 | 0.482816 | 0.454841 | 0.702821 | 1        |