# Inter-Features Correlation

| Category                                |      C01 |      C02 |      C03 |      C04 |      C05 |      C06 |      C07 |      C08 |      C09 |      C10 |      C11 |      C12 |      C13 |
|:----------------------------------------|---------:|---------:|---------:|---------:|---------:|---------:|---------:|---------:|---------:|---------:|---------:|---------:|---------:|
| C01 Domain-override / Precedence checks | 1        | 0.424183 | 0.369855 | 0.457012 | 0.337702 | 0.418141 | 0.424832 | 0.470879 | 0.444593 | 0.178374 | 0.468945 | 0.439616 | 0.435157 |
| C02 Event-log fact-extraction           | 0.424183 | 1        | 0.48095  | 0.608728 | 0.38978  | 0.563839 | 0.589773 | 0.567629 | 0.665695 | 0.25797  | 0.582968 | 0.700622 | 0.588246 |
| C03 Text to Model reconstruction        | 0.369855 | 0.48095  | 1        | 0.393302 | 0.35431  | 0.467636 | 0.426117 | 0.391099 | 0.514826 | 0.308413 | 0.431857 | 0.51256  | 0.40751  |
| C04 Compliance / Conformance reasoning  | 0.457012 | 0.608728 | 0.393302 | 1        | 0.620737 | 0.498501 | 0.491625 | 0.695617 | 0.492072 | 0.10041  | 0.548939 | 0.618918 | 0.443016 |
| C05 Counterfactual edits                | 0.337702 | 0.38978  | 0.35431  | 0.620737 | 1        | 0.428199 | 0.433127 | 0.483349 | 0.407431 | 0.188003 | 0.516617 | 0.478423 | 0.378782 |
| C06 Multi-process memory interference   | 0.418141 | 0.563839 | 0.467636 | 0.498501 | 0.428199 | 1        | 0.603707 | 0.51919  | 0.608801 | 0.294834 | 0.612316 | 0.575252 | 0.558034 |
| C07 Change-log diffing                  | 0.424832 | 0.589773 | 0.426117 | 0.491625 | 0.433127 | 0.603707 | 1        | 0.466876 | 0.663305 | 0.333448 | 0.624146 | 0.57022  | 0.505213 |
| C08 Temporal / concurrency reasoning    | 0.470879 | 0.567629 | 0.391099 | 0.695617 | 0.483349 | 0.51919  | 0.466876 | 1        | 0.477292 | 0.239017 | 0.540202 | 0.613658 | 0.454107 |
| C09 Unknown-should-remain-unknown       | 0.444593 | 0.665695 | 0.514826 | 0.492072 | 0.407431 | 0.608801 | 0.663305 | 0.477292 | 1        | 0.356794 | 0.645912 | 0.670049 | 0.581658 |
| C10 Domain-synonym enforcement          | 0.178374 | 0.25797  | 0.308413 | 0.10041  | 0.188003 | 0.294834 | 0.333448 | 0.239017 | 0.356794 | 1        | 0.3072   | 0.349089 | 0.312615 |
| C11 Performance analytics commentary    | 0.468945 | 0.582968 | 0.431857 | 0.548939 | 0.516617 | 0.612316 | 0.624146 | 0.540202 | 0.645912 | 0.3072   | 1        | 0.657021 | 0.494672 |
| C12 Misinformation injection            | 0.439616 | 0.700622 | 0.51256  | 0.618918 | 0.478423 | 0.575252 | 0.57022  | 0.613658 | 0.670049 | 0.349089 | 0.657021 | 1        | 0.567788 |
| C13 Edge-case / low-support prompts     | 0.435157 | 0.588246 | 0.40751  | 0.443016 | 0.378782 | 0.558034 | 0.505213 | 0.454107 | 0.581658 | 0.312615 | 0.494672 | 0.567788 | 1        |