# Inter-Features Correlation

| Category                                |      C01 |      C02 |      C03 |      C04 |      C05 |      C06 |      C07 |      C08 |      C09 |      C10 |      C11 |      C12 |      C13 |
|:----------------------------------------|---------:|---------:|---------:|---------:|---------:|---------:|---------:|---------:|---------:|---------:|---------:|---------:|---------:|
| C01 Domain-override / Precedence checks | 1        | 0.426843 | 0.425446 | 0.463295 | 0.37218  | 0.346666 | 0.371131 | 0.317762 | 0.336301 | 0.241736 | 0.455172 | 0.442132 | 0.494931 |
| C02 Event-log fact-extraction           | 0.426843 | 1        | 0.465347 | 0.562947 | 0.394863 | 0.485427 | 0.645873 | 0.495697 | 0.491851 | 0.504554 | 0.413405 | 0.576475 | 0.693452 |
| C03 Text to Model reconstruction        | 0.425446 | 0.465347 | 1        | 0.475445 | 0.430996 | 0.379711 | 0.454343 | 0.416325 | 0.435936 | 0.530139 | 0.430564 | 0.437382 | 0.484663 |
| C04 Compliance / Conformance reasoning  | 0.463295 | 0.562947 | 0.475445 | 1        | 0.545823 | 0.416544 | 0.498337 | 0.610945 | 0.40915  | 0.434502 | 0.476813 | 0.635387 | 0.559457 |
| C05 Counterfactual edits                | 0.37218  | 0.394863 | 0.430996 | 0.545823 | 1        | 0.411797 | 0.453422 | 0.529815 | 0.267305 | 0.48185  | 0.487142 | 0.499841 | 0.427247 |
| C06 Multi-process memory interference   | 0.346666 | 0.485427 | 0.379711 | 0.416544 | 0.411797 | 1        | 0.364455 | 0.425796 | 0.351557 | 0.309009 | 0.545266 | 0.492768 | 0.371865 |
| C07 Change-log diffing                  | 0.371131 | 0.645873 | 0.454343 | 0.498337 | 0.453422 | 0.364455 | 1        | 0.513972 | 0.480815 | 0.565311 | 0.509072 | 0.568703 | 0.608045 |
| C08 Temporal / concurrency reasoning    | 0.317762 | 0.495697 | 0.416325 | 0.610945 | 0.529815 | 0.425796 | 0.513972 | 1        | 0.297388 | 0.500915 | 0.429586 | 0.582751 | 0.396628 |
| C09 Unknown-should-remain-unknown       | 0.336301 | 0.491851 | 0.435936 | 0.40915  | 0.267305 | 0.351557 | 0.480815 | 0.297388 | 1        | 0.477016 | 0.364344 | 0.537915 | 0.510743 |
| C10 Domain-synonym enforcement          | 0.241736 | 0.504554 | 0.530139 | 0.434502 | 0.48185  | 0.309009 | 0.565311 | 0.500915 | 0.477016 | 1        | 0.417503 | 0.534012 | 0.48615  |
| C11 Performance analytics commentary    | 0.455172 | 0.413405 | 0.430564 | 0.476813 | 0.487142 | 0.545266 | 0.509072 | 0.429586 | 0.364344 | 0.417503 | 1        | 0.451262 | 0.467374 |
| C12 Misinformation injection            | 0.442132 | 0.576475 | 0.437382 | 0.635387 | 0.499841 | 0.492768 | 0.568703 | 0.582751 | 0.537915 | 0.534012 | 0.451262 | 1        | 0.70898  |
| C13 Edge-case / low-support prompts     | 0.494931 | 0.693452 | 0.484663 | 0.559457 | 0.427247 | 0.371865 | 0.608045 | 0.396628 | 0.510743 | 0.48615  | 0.467374 | 0.70898  | 1        |