# Inter-Features Correlation

| Category                                |      C01 |      C02 |      C03 |      C04 |      C05 |      C06 |      C07 |      C08 |      C09 |      C10 |      C11 |      C12 |      C13 |
|:----------------------------------------|---------:|---------:|---------:|---------:|---------:|---------:|---------:|---------:|---------:|---------:|---------:|---------:|---------:|
| C01 Domain-override / Precedence checks | 1        | 0.445782 | 0.426581 | 0.478175 | 0.421674 | 0.379819 | 0.399997 | 0.348608 | 0.319093 | 0.217284 | 0.478889 | 0.454297 | 0.523039 |
| C02 Event-log fact-extraction           | 0.445782 | 1        | 0.47377  | 0.590195 | 0.401861 | 0.520999 | 0.651918 | 0.511021 | 0.523286 | 0.513691 | 0.419943 | 0.595192 | 0.701429 |
| C03 Text to Model reconstruction        | 0.426581 | 0.47377  | 1        | 0.519986 | 0.473879 | 0.435697 | 0.462656 | 0.470095 | 0.407243 | 0.532101 | 0.45223  | 0.47972  | 0.511453 |
| C04 Compliance / Conformance reasoning  | 0.478175 | 0.590195 | 0.519986 | 1        | 0.566978 | 0.418349 | 0.540649 | 0.621408 | 0.439638 | 0.462301 | 0.517513 | 0.647661 | 0.613859 |
| C05 Counterfactual edits                | 0.421674 | 0.401861 | 0.473879 | 0.566978 | 1        | 0.403201 | 0.497035 | 0.533139 | 0.327415 | 0.541391 | 0.511287 | 0.508088 | 0.438379 |
| C06 Multi-process memory interference   | 0.379819 | 0.520999 | 0.435697 | 0.418349 | 0.403201 | 1        | 0.420318 | 0.425901 | 0.38604  | 0.351323 | 0.567983 | 0.489546 | 0.396833 |
| C07 Change-log diffing                  | 0.399997 | 0.651918 | 0.462656 | 0.540649 | 0.497035 | 0.420318 | 1        | 0.558216 | 0.495687 | 0.578736 | 0.528898 | 0.601255 | 0.626791 |
| C08 Temporal / concurrency reasoning    | 0.348608 | 0.511021 | 0.470095 | 0.621408 | 0.533139 | 0.425901 | 0.558216 | 1        | 0.342737 | 0.533027 | 0.44318  | 0.608662 | 0.427457 |
| C09 Unknown-should-remain-unknown       | 0.319093 | 0.523286 | 0.407243 | 0.439638 | 0.327415 | 0.38604  | 0.495687 | 0.342737 | 1        | 0.470748 | 0.373296 | 0.578192 | 0.548519 |
| C10 Domain-synonym enforcement          | 0.217284 | 0.513691 | 0.532101 | 0.462301 | 0.541391 | 0.351323 | 0.578736 | 0.533027 | 0.470748 | 1        | 0.422788 | 0.566342 | 0.509639 |
| C11 Performance analytics commentary    | 0.478889 | 0.419943 | 0.45223  | 0.517513 | 0.511287 | 0.567983 | 0.528898 | 0.44318  | 0.373296 | 0.422788 | 1        | 0.474542 | 0.473625 |
| C12 Misinformation injection            | 0.454297 | 0.595192 | 0.47972  | 0.647661 | 0.508088 | 0.489546 | 0.601255 | 0.608662 | 0.578192 | 0.566342 | 0.474542 | 1        | 0.724936 |
| C13 Edge-case / low-support prompts     | 0.523039 | 0.701429 | 0.511453 | 0.613859 | 0.438379 | 0.396833 | 0.626791 | 0.427457 | 0.548519 | 0.509639 | 0.473625 | 0.724936 | 1        |