# Inter-Features Correlation

| Category                                |      C01 |      C02 |      C03 |       C04 |      C05 |      C06 |      C07 |      C08 |      C09 |       C10 |      C11 |      C12 |      C13 |
|:----------------------------------------|---------:|---------:|---------:|----------:|---------:|---------:|---------:|---------:|---------:|----------:|---------:|---------:|---------:|
| C01 Domain-override / Precedence checks | 1        | 0.425693 | 0.354903 | 0.449618  | 0.327497 | 0.412433 | 0.400271 | 0.482672 | 0.407084 | 0.142374  | 0.449387 | 0.414629 | 0.456143 |
| C02 Event-log fact-extraction           | 0.425693 | 1        | 0.479494 | 0.609261  | 0.387493 | 0.562477 | 0.593662 | 0.567719 | 0.689276 | 0.256867  | 0.584767 | 0.708031 | 0.591057 |
| C03 Text to Model reconstruction        | 0.354903 | 0.479494 | 1        | 0.38461   | 0.345487 | 0.461953 | 0.412404 | 0.393414 | 0.50668  | 0.294238  | 0.419613 | 0.501338 | 0.416305 |
| C04 Compliance / Conformance reasoning  | 0.449618 | 0.609261 | 0.38461  | 1         | 0.611738 | 0.490938 | 0.479431 | 0.699843 | 0.490189 | 0.0872442 | 0.540836 | 0.611328 | 0.451469 |
| C05 Counterfactual edits                | 0.327497 | 0.387493 | 0.345487 | 0.611738  | 1        | 0.41958  | 0.419947 | 0.484492 | 0.402193 | 0.179382  | 0.508529 | 0.466794 | 0.385848 |
| C06 Multi-process memory interference   | 0.412433 | 0.562477 | 0.461953 | 0.490938  | 0.41958  | 1        | 0.599717 | 0.519735 | 0.618898 | 0.289537  | 0.608513 | 0.570773 | 0.564227 |
| C07 Change-log diffing                  | 0.400271 | 0.593662 | 0.412404 | 0.479431  | 0.419947 | 0.599717 | 1        | 0.47525  | 0.64806  | 0.310282  | 0.6101   | 0.54989  | 0.52533  |
| C08 Temporal / concurrency reasoning    | 0.482672 | 0.567719 | 0.393414 | 0.699843  | 0.484492 | 0.519735 | 0.47525  | 1        | 0.504691 | 0.246882  | 0.547891 | 0.626595 | 0.454088 |
| C09 Unknown-should-remain-unknown       | 0.407084 | 0.689276 | 0.50668  | 0.490189  | 0.402193 | 0.618898 | 0.64806  | 0.504691 | 1        | 0.316016  | 0.633841 | 0.653653 | 0.629904 |
| C10 Domain-synonym enforcement          | 0.142374 | 0.256867 | 0.294238 | 0.0872442 | 0.179382 | 0.289537 | 0.310282 | 0.246882 | 0.316016 | 1         | 0.285274 | 0.325463 | 0.330394 |
| C11 Performance analytics commentary    | 0.449387 | 0.584767 | 0.419613 | 0.540836  | 0.508529 | 0.608513 | 0.6101   | 0.547891 | 0.633841 | 0.285274  | 1        | 0.643906 | 0.510645 |
| C12 Misinformation injection            | 0.414629 | 0.708031 | 0.501338 | 0.611328  | 0.466794 | 0.570773 | 0.54989  | 0.626595 | 0.653653 | 0.325463  | 0.643906 | 1        | 0.590821 |
| C13 Edge-case / low-support prompts     | 0.456143 | 0.591057 | 0.416305 | 0.451469  | 0.385848 | 0.564227 | 0.52533  | 0.454088 | 0.629904 | 0.330394  | 0.510645 | 0.590821 | 1        |