# Inter-Features Correlation

| Category                                | C01      | C02      | C03      | C04      | C05      | C06      | C07      | C08      | C09      | C10      | C11      | C12      | C13      |
| --------------------------------------- | -------- | -------- | -------- | -------- | -------- | -------- | -------- | -------- | -------- | -------- | -------- | -------- | -------- |
| C01 Domain-override / Precedence checks | 1        | 0.55992  | 0.421228 | 0.518561 | 0.457528 | 0.415335 | 0.485043 | 0.459346 | 0.469069 | 0.179188 | 0.552553 | 0.56905  | 0.478714 |
| C02 Event-log fact-extraction           | 0.55992  | 1        | 0.479257 | 0.689094 | 0.482391 | 0.632606 | 0.689669 | 0.620144 | 0.721439 | 0.294315 | 0.71175  | 0.800084 | 0.675685 |
| C03 Text to Model reconstruction        | 0.421228 | 0.479257 | 1        | 0.408509 | 0.411209 | 0.386667 | 0.44372  | 0.39304  | 0.450677 | 0.25858  | 0.453507 | 0.500683 | 0.400561 |
| C04 Compliance / Conformance reasoning  | 0.518561 | 0.689094 | 0.408509 | 1        | 0.61043  | 0.524839 | 0.611318 | 0.745804 | 0.546581 | 0.110868 | 0.64477  | 0.672827 | 0.526978 |
| C05 Counterfactual edits                | 0.457528 | 0.482391 | 0.411209 | 0.61043  | 1        | 0.371951 | 0.488225 | 0.534199 | 0.398608 | 0.155584 | 0.523499 | 0.532841 | 0.462269 |
| C06 Multi-process memory interference   | 0.415335 | 0.632606 | 0.386667 | 0.524839 | 0.371951 | 1        | 0.586852 | 0.513202 | 0.610008 | 0.212837 | 0.624403 | 0.631028 | 0.527189 |
| C07 Change-log diffing                  | 0.485043 | 0.689669 | 0.44372  | 0.611318 | 0.488225 | 0.586852 | 1        | 0.519098 | 0.669338 | 0.330451 | 0.7276   | 0.708918 | 0.566202 |
| C08 Temporal / concurrency reasoning    | 0.459346 | 0.620144 | 0.39304  | 0.745804 | 0.534199 | 0.513202 | 0.519098 | 1        | 0.534731 | 0.193759 | 0.584634 | 0.618138 | 0.476589 |
| C09 Unknown-should-remain-unknown       | 0.469069 | 0.721439 | 0.450677 | 0.546581 | 0.398608 | 0.610008 | 0.669338 | 0.534731 | 1        | 0.295763 | 0.677948 | 0.711116 | 0.63078  |
| C10 Domain-synonym enforcement          | 0.179188 | 0.294315 | 0.25858  | 0.110868 | 0.155584 | 0.212837 | 0.330451 | 0.193759 | 0.295763 | 1        | 0.225101 | 0.244101 | 0.31059  |
| C11 Performance analytics commentary    | 0.552553 | 0.71175  | 0.453507 | 0.64477  | 0.523499 | 0.624403 | 0.7276   | 0.584634 | 0.677948 | 0.225101 | 1        | 0.782982 | 0.579929 |
| C12 Misinformation injection            | 0.56905  | 0.800084 | 0.500683 | 0.672827 | 0.532841 | 0.631028 | 0.708918 | 0.618138 | 0.711116 | 0.244101 | 0.782982 | 1        | 0.657491 |
| C13 Edge-case / low-support prompts     | 0.478714 | 0.675685 | 0.400561 | 0.526978 | 0.462269 | 0.527189 | 0.566202 | 0.476589 | 0.63078  | 0.31059  | 0.579929 | 0.657491 | 1        |