# Inter-Features Correlation

| Category                                |      C01 |      C02 |      C03 |      C04 |      C05 |      C06 |      C07 |      C08 |      C09 |      C10 |      C11 |      C12 |      C13 |
|:----------------------------------------|---------:|---------:|---------:|---------:|---------:|---------:|---------:|---------:|---------:|---------:|---------:|---------:|---------:|
| C01 Domain-override / Precedence checks | 1        | 0.455385 | 0.49585  | 0.470819 | 0.451009 | 0.445324 | 0.41265  | 0.391635 | 0.312721 | 0.261011 | 0.490871 | 0.477305 | 0.522428 |
| C02 Event-log fact-extraction           | 0.455385 | 1        | 0.500906 | 0.590321 | 0.394771 | 0.546726 | 0.661978 | 0.509283 | 0.531073 | 0.522611 | 0.414284 | 0.591664 | 0.706689 |
| C03 Text to Model reconstruction        | 0.49585  | 0.500906 | 1        | 0.542348 | 0.492319 | 0.453222 | 0.49551  | 0.53125  | 0.434162 | 0.551421 | 0.456499 | 0.503722 | 0.536706 |
| C04 Compliance / Conformance reasoning  | 0.470819 | 0.590321 | 0.542348 | 1        | 0.538252 | 0.438876 | 0.556222 | 0.641022 | 0.45766  | 0.476491 | 0.500039 | 0.651667 | 0.628867 |
| C05 Counterfactual edits                | 0.451009 | 0.394771 | 0.492319 | 0.538252 | 1        | 0.394578 | 0.507201 | 0.521055 | 0.356122 | 0.539924 | 0.510671 | 0.494204 | 0.46714  |
| C06 Multi-process memory interference   | 0.445324 | 0.546726 | 0.453222 | 0.438876 | 0.394578 | 1        | 0.445703 | 0.424908 | 0.431975 | 0.379053 | 0.577374 | 0.528194 | 0.446356 |
| C07 Change-log diffing                  | 0.41265  | 0.661978 | 0.49551  | 0.556222 | 0.507201 | 0.445703 | 1        | 0.580239 | 0.499704 | 0.586931 | 0.569978 | 0.61287  | 0.645795 |
| C08 Temporal / concurrency reasoning    | 0.391635 | 0.509283 | 0.53125  | 0.641022 | 0.521055 | 0.424908 | 0.580239 | 1        | 0.383275 | 0.534048 | 0.438999 | 0.613163 | 0.47098  |
| C09 Unknown-should-remain-unknown       | 0.312721 | 0.531073 | 0.434162 | 0.45766  | 0.356122 | 0.431975 | 0.499704 | 0.383275 | 1        | 0.503227 | 0.400364 | 0.601501 | 0.547607 |
| C10 Domain-synonym enforcement          | 0.261011 | 0.522611 | 0.551421 | 0.476491 | 0.539924 | 0.379053 | 0.586931 | 0.534048 | 0.503227 | 1        | 0.453751 | 0.547741 | 0.538776 |
| C11 Performance analytics commentary    | 0.490871 | 0.414284 | 0.456499 | 0.500039 | 0.510671 | 0.577374 | 0.569978 | 0.438999 | 0.400364 | 0.453751 | 1        | 0.483787 | 0.477165 |
| C12 Misinformation injection            | 0.477305 | 0.591664 | 0.503722 | 0.651667 | 0.494204 | 0.528194 | 0.61287  | 0.613163 | 0.601501 | 0.547741 | 0.483787 | 1        | 0.748251 |
| C13 Edge-case / low-support prompts     | 0.522428 | 0.706689 | 0.536706 | 0.628867 | 0.46714  | 0.446356 | 0.645795 | 0.47098  | 0.547607 | 0.538776 | 0.477165 | 0.748251 | 1        |