# Inter-Features Correlation

| Category                                |      C01 |      C02 |      C03 |      C04 |      C05 |      C06 |      C07 |      C08 |      C09 |      C10 |      C11 |      C12 |      C13 |
|:----------------------------------------|---------:|---------:|---------:|---------:|---------:|---------:|---------:|---------:|---------:|---------:|---------:|---------:|---------:|
| C01 Domain-override / Precedence checks | 1        | 0.664923 | 0.572134 | 0.631376 | 0.429593 | 0.379902 | 0.481832 | 0.44221  | 0.423762 | 0.241253 | 0.436436 | 0.516505 | 0.643247 |
| C02 Event-log fact-extraction           | 0.664923 | 1        | 0.455396 | 0.62538  | 0.338116 | 0.412525 | 0.623317 | 0.551344 | 0.254692 | 0.412263 | 0.337958 | 0.568673 | 0.758937 |
| C03 Text to Model reconstruction        | 0.572134 | 0.455396 | 1        | 0.617245 | 0.65692  | 0.256598 | 0.487964 | 0.557555 | 0.407959 | 0.506905 | 0.406789 | 0.531947 | 0.621636 |
| C04 Compliance / Conformance reasoning  | 0.631376 | 0.62538  | 0.617245 | 1        | 0.487167 | 0.354119 | 0.59501  | 0.656351 | 0.409665 | 0.47485  | 0.544947 | 0.658442 | 0.698762 |
| C05 Counterfactual edits                | 0.429593 | 0.338116 | 0.65692  | 0.487167 | 1        | 0.290061 | 0.521975 | 0.517534 | 0.340698 | 0.378413 | 0.445507 | 0.481371 | 0.486023 |
| C06 Multi-process memory interference   | 0.379902 | 0.412525 | 0.256598 | 0.354119 | 0.290061 | 1        | 0.428411 | 0.290342 | 0.435328 | 0.132983 | 0.644567 | 0.37025  | 0.48407  |
| C07 Change-log diffing                  | 0.481832 | 0.623317 | 0.487964 | 0.59501  | 0.521975 | 0.428411 | 1        | 0.604043 | 0.246866 | 0.455034 | 0.409073 | 0.542701 | 0.632448 |
| C08 Temporal / concurrency reasoning    | 0.44221  | 0.551344 | 0.557555 | 0.656351 | 0.517534 | 0.290342 | 0.604043 | 1        | 0.340357 | 0.544692 | 0.329031 | 0.595825 | 0.557785 |
| C09 Unknown-should-remain-unknown       | 0.423762 | 0.254692 | 0.407959 | 0.409665 | 0.340698 | 0.435328 | 0.246866 | 0.340357 | 1        | 0.37676  | 0.428141 | 0.611496 | 0.48522  |
| C10 Domain-synonym enforcement          | 0.241253 | 0.412263 | 0.506905 | 0.47485  | 0.378413 | 0.132983 | 0.455034 | 0.544692 | 0.37676  | 1        | 0.23192  | 0.577879 | 0.526315 |
| C11 Performance analytics commentary    | 0.436436 | 0.337958 | 0.406789 | 0.544947 | 0.445507 | 0.644567 | 0.409073 | 0.329031 | 0.428141 | 0.23192  | 1        | 0.491349 | 0.441779 |
| C12 Misinformation injection            | 0.516505 | 0.568673 | 0.531947 | 0.658442 | 0.481371 | 0.37025  | 0.542701 | 0.595825 | 0.611496 | 0.577879 | 0.491349 | 1        | 0.73748  |
| C13 Edge-case / low-support prompts     | 0.643247 | 0.758937 | 0.621636 | 0.698762 | 0.486023 | 0.48407  | 0.632448 | 0.557785 | 0.48522  | 0.526315 | 0.441779 | 0.73748  | 1        |