# Inter-Features Correlation

| Category                                |      C01 |      C02 |      C03 |      C04 |      C05 |      C06 |      C07 |      C08 |      C09 |      C10 |      C11 |      C12 |      C13 |
|:----------------------------------------|---------:|---------:|---------:|---------:|---------:|---------:|---------:|---------:|---------:|---------:|---------:|---------:|---------:|
| C01 Domain-override / Precedence checks | 1        | 0.433898 | 0.358028 | 0.451587 | 0.310493 | 0.429367 | 0.396085 | 0.466211 | 0.44307  | 0.204936 | 0.504691 | 0.466295 | 0.417792 |
| C02 Event-log fact-extraction           | 0.433898 | 1        | 0.443363 | 0.635787 | 0.412181 | 0.584608 | 0.576369 | 0.60396  | 0.691257 | 0.269012 | 0.592731 | 0.716628 | 0.583199 |
| C03 Text to Model reconstruction        | 0.358028 | 0.443363 | 1        | 0.384216 | 0.350467 | 0.427304 | 0.426266 | 0.351312 | 0.508937 | 0.314444 | 0.466103 | 0.529254 | 0.389781 |
| C04 Compliance / Conformance reasoning  | 0.451587 | 0.635787 | 0.384216 | 1        | 0.61182  | 0.503019 | 0.50541  | 0.69143  | 0.494233 | 0.101368 | 0.583847 | 0.618797 | 0.461881 |
| C05 Counterfactual edits                | 0.310493 | 0.412181 | 0.350467 | 0.61182  | 1        | 0.41012  | 0.454395 | 0.503736 | 0.365227 | 0.248424 | 0.483185 | 0.443074 | 0.400499 |
| C06 Multi-process memory interference   | 0.429367 | 0.584608 | 0.427304 | 0.503019 | 0.41012  | 1        | 0.583838 | 0.545563 | 0.647225 | 0.278181 | 0.633669 | 0.602277 | 0.528798 |
| C07 Change-log diffing                  | 0.396085 | 0.576369 | 0.426266 | 0.50541  | 0.454395 | 0.583838 | 1        | 0.466044 | 0.696677 | 0.364114 | 0.647191 | 0.618247 | 0.48198  |
| C08 Temporal / concurrency reasoning    | 0.466211 | 0.60396  | 0.351312 | 0.69143  | 0.503736 | 0.545563 | 0.466044 | 1        | 0.481176 | 0.264057 | 0.577592 | 0.60515  | 0.466835 |
| C09 Unknown-should-remain-unknown       | 0.44307  | 0.691257 | 0.508937 | 0.494233 | 0.365227 | 0.647225 | 0.696677 | 0.481176 | 1        | 0.383187 | 0.666925 | 0.69879  | 0.581447 |
| C10 Domain-synonym enforcement          | 0.204936 | 0.269012 | 0.314444 | 0.101368 | 0.248424 | 0.278181 | 0.364114 | 0.264057 | 0.383187 | 1        | 0.286177 | 0.316978 | 0.339258 |
| C11 Performance analytics commentary    | 0.504691 | 0.592731 | 0.466103 | 0.583847 | 0.483185 | 0.633669 | 0.647191 | 0.577592 | 0.666925 | 0.286177 | 1        | 0.707349 | 0.526723 |
| C12 Misinformation injection            | 0.466295 | 0.716628 | 0.529254 | 0.618797 | 0.443074 | 0.602277 | 0.618247 | 0.60515  | 0.69879  | 0.316978 | 0.707349 | 1        | 0.574794 |
| C13 Edge-case / low-support prompts     | 0.417792 | 0.583199 | 0.389781 | 0.461881 | 0.400499 | 0.528798 | 0.48198  | 0.466835 | 0.581447 | 0.339258 | 0.526723 | 0.574794 | 1        |