# Inter-Features Correlation

| Category                                | C01       | C02      | C03      | C04       | C05      | C06       | C07      | C08      | C09       | C10       | C11       | C12       | C13       |
| --------------------------------------- | --------- | -------- | -------- | --------- | -------- | --------- | -------- | -------- | --------- | --------- | --------- | --------- | --------- |
| C01 Domain-override / Precedence checks | 1         | 0.302989 | 0.290934 | 0.331232  | 0.317991 | 0.132033  | 0.147975 | 0.296662 | 0.176567  | -0.023546 | 0.401778  | 0.325558  | 0.138064  |
| C02 Event-log fact-extraction           | 0.302989  | 1        | 0.132012 | 0.500575  | 0.391772 | 0.002622  | 0.192955 | 0.498707 | 0.539958  | 0.060008  | 0.307027  | 0.295739  | 0.392816  |
| C03 Text to Model reconstruction        | 0.290934  | 0.132012 | 1        | 0.169118  | 0.199335 | 0.101118  | 0.085706 | 0.136764 | 0.023693  | 0.13315   | 0.173518  | 0.13818   | 0.149631  |
| C04 Compliance / Conformance reasoning  | 0.331232  | 0.500575 | 0.169118 | 1         | 0.534121 | 0.278226  | 0.277525 | 0.680394 | 0.256367  | -0.007023 | 0.327874  | 0.338793  | 0.27384   |
| C05 Counterfactual edits                | 0.317991  | 0.391772 | 0.199335 | 0.534121  | 1        | 0.099534  | 0.194721 | 0.415443 | 0.18918   | 0.087484  | 0.320249  | 0.34802   | 0.309342  |
| C06 Multi-process memory interference   | 0.132033  | 0.002622 | 0.101118 | 0.278226  | 0.099534 | 1         | 0.112397 | 0.120522 | -0.066404 | 0.019216  | 0.290495  | 0.004793  | -0.018485 |
| C07 Change-log diffing                  | 0.147975  | 0.192955 | 0.085706 | 0.277525  | 0.194721 | 0.112397  | 1        | 0.132601 | 0.357914  | 0.006466  | 0.249499  | 0.254807  | 0.178844  |
| C08 Temporal / concurrency reasoning    | 0.296662  | 0.498707 | 0.136764 | 0.680394  | 0.415443 | 0.120522  | 0.132601 | 1        | 0.24907   | 0.058457  | 0.233825  | 0.294743  | 0.219557  |
| C09 Unknown-should-remain-unknown       | 0.176567  | 0.539958 | 0.023693 | 0.256367  | 0.18918  | -0.066404 | 0.357914 | 0.24907  | 1         | -0.078008 | 0.382201  | 0.432757  | 0.318939  |
| C10 Domain-synonym enforcement          | -0.023546 | 0.060008 | 0.13315  | -0.007023 | 0.087484 | 0.019216  | 0.006466 | 0.058457 | -0.078008 | 1         | -0.154525 | -0.081966 | 0.256441  |
| C11 Performance analytics commentary    | 0.401778  | 0.307027 | 0.173518 | 0.327874  | 0.320249 | 0.290495  | 0.249499 | 0.233825 | 0.382201  | -0.154525 | 1         | 0.286126  | -0.017853 |
| C12 Misinformation injection            | 0.325558  | 0.295739 | 0.13818  | 0.338793  | 0.34802  | 0.004793  | 0.254807 | 0.294743 | 0.432757  | -0.081966 | 0.286126  | 1         | 0.289474  |
| C13 Edge-case / low-support prompts     | 0.138064  | 0.392816 | 0.149631 | 0.27384   | 0.309342 | -0.018485 | 0.178844 | 0.219557 | 0.318939  | 0.256441  | -0.017853 | 0.289474  | 1         |