# Inter-Features Correlation

| Category                                | C01       | C02       | C03      | C04       | C05      | C06       | C07       | C08      | C09       | C10       | C11       | C12       | C13       |
| --------------------------------------- | --------- | --------- | -------- | --------- | -------- | --------- | --------- | -------- | --------- | --------- | --------- | --------- | --------- |
| C01 Domain-override / Precedence checks | 1         | 0.304641  | 0.313135 | 0.328745  | 0.313474 | 0.115217  | 0.11766   | 0.263594 | 0.185956  | -0.053929 | 0.419237  | 0.356689  | 0.143133  |
| C02 Event-log fact-extraction           | 0.304641  | 1         | 0.136381 | 0.479656  | 0.346917 | -0.012728 | 0.180618  | 0.483035 | 0.537707  | 0.068495  | 0.3101    | 0.29963   | 0.400585  |
| C03 Text to Model reconstruction        | 0.313135  | 0.136381  | 1        | 0.1436    | 0.224627 | 0.098113  | 0.071798  | 0.149104 | 0.048563  | 0.108183  | 0.204747  | 0.111476  | 0.119115  |
| C04 Compliance / Conformance reasoning  | 0.328745  | 0.479656  | 0.1436   | 1         | 0.490638 | 0.27485   | 0.277978  | 0.692813 | 0.264702  | -0.035351 | 0.330281  | 0.342651  | 0.253874  |
| C05 Counterfactual edits                | 0.313474  | 0.346917  | 0.224627 | 0.490638  | 1        | 0.072851  | 0.167394  | 0.384154 | 0.16752   | 0.083735  | 0.332252  | 0.318977  | 0.291694  |
| C06 Multi-process memory interference   | 0.115217  | -0.012728 | 0.098113 | 0.27485   | 0.072851 | 1         | 0.09935   | 0.126308 | -0.079666 | 0.011951  | 0.234247  | 0.027122  | -0.023748 |
| C07 Change-log diffing                  | 0.11766   | 0.180618  | 0.071798 | 0.277978  | 0.167394 | 0.09935   | 1         | 0.097779 | 0.384926  | -0.004479 | 0.291521  | 0.236474  | 0.143916  |
| C08 Temporal / concurrency reasoning    | 0.263594  | 0.483035  | 0.149104 | 0.692813  | 0.384154 | 0.126308  | 0.097779  | 1        | 0.248203  | 0.061556  | 0.240571  | 0.267625  | 0.235028  |
| C09 Unknown-should-remain-unknown       | 0.185956  | 0.537707  | 0.048563 | 0.264702  | 0.16752  | -0.079666 | 0.384926  | 0.248203 | 1         | -0.058336 | 0.387499  | 0.512216  | 0.348219  |
| C10 Domain-synonym enforcement          | -0.053929 | 0.068495  | 0.108183 | -0.035351 | 0.083735 | 0.011951  | -0.004479 | 0.061556 | -0.058336 | 1         | -0.147817 | -0.153118 | 0.227272  |
| C11 Performance analytics commentary    | 0.419237  | 0.3101    | 0.204747 | 0.330281  | 0.332252 | 0.234247  | 0.291521  | 0.240571 | 0.387499  | -0.147817 | 1         | 0.39131   | 0.020373  |
| C12 Misinformation injection            | 0.356689  | 0.29963   | 0.111476 | 0.342651  | 0.318977 | 0.027122  | 0.236474  | 0.267625 | 0.512216  | -0.153118 | 0.39131   | 1         | 0.271806  |
| C13 Edge-case / low-support prompts     | 0.143133  | 0.400585  | 0.119115 | 0.253874  | 0.291694 | -0.023748 | 0.143916  | 0.235028 | 0.348219  | 0.227272  | 0.020373  | 0.271806  | 1         |