# Inter-Features Correlation

| Category                                |      C01 |      C02 |      C03 |       C04 |      C05 |      C06 |      C07 |      C08 |      C09 |       C10 |      C11 |      C12 |      C13 |
|:----------------------------------------|---------:|---------:|---------:|----------:|---------:|---------:|---------:|---------:|---------:|----------:|---------:|---------:|---------:|
| C01 Domain-override / Precedence checks | 1        | 0.348845 | 0.477502 | 0.452921  | 0.596466 | 0.569757 | 0.512711 | 0.504325 | 0.316663 | 0.343076  | 0.395993 | 0.454521 | 0.462404 |
| C02 Event-log fact-extraction           | 0.348845 | 1        | 0.656905 | 0.482472  | 0.653572 | 0.7614   | 0.848625 | 0.676206 | 0.842592 | 0.458933  | 0.764829 | 0.75953  | 0.922509 |
| C03 Text to Model reconstruction        | 0.477502 | 0.656905 | 1        | 0.719847  | 0.701903 | 0.659663 | 0.659209 | 0.789266 | 0.55196  | 0.538173  | 0.64947  | 0.730224 | 0.692541 |
| C04 Compliance / Conformance reasoning  | 0.452921 | 0.482472 | 0.719847 | 1         | 0.849355 | 0.362281 | 0.523914 | 0.613957 | 0.312593 | 0.0649934 | 0.502006 | 0.532718 | 0.487786 |
| C05 Counterfactual edits                | 0.596466 | 0.653572 | 0.701903 | 0.849355  | 1        | 0.423189 | 0.706657 | 0.60528  | 0.477817 | 0.139636  | 0.621433 | 0.617995 | 0.660875 |
| C06 Multi-process memory interference   | 0.569757 | 0.7614   | 0.659663 | 0.362281  | 0.423189 | 1        | 0.828559 | 0.83622  | 0.82562  | 0.798034  | 0.851924 | 0.856421 | 0.846549 |
| C07 Change-log diffing                  | 0.512711 | 0.848625 | 0.659209 | 0.523914  | 0.706657 | 0.828559 | 1        | 0.802423 | 0.950168 | 0.626326  | 0.903013 | 0.95587  | 0.975643 |
| C08 Temporal / concurrency reasoning    | 0.504325 | 0.676206 | 0.789266 | 0.613957  | 0.60528  | 0.83622  | 0.802423 | 1        | 0.720656 | 0.815813  | 0.774838 | 0.910055 | 0.759742 |
| C09 Unknown-should-remain-unknown       | 0.316663 | 0.842592 | 0.55196  | 0.312593  | 0.477817 | 0.82562  | 0.950168 | 0.720656 | 1        | 0.67438   | 0.849905 | 0.919597 | 0.962871 |
| C10 Domain-synonym enforcement          | 0.343076 | 0.458933 | 0.538173 | 0.0649934 | 0.139636 | 0.798034 | 0.626326 | 0.815813 | 0.67438  | 1         | 0.609048 | 0.773745 | 0.601069 |
| C11 Performance analytics commentary    | 0.395993 | 0.764829 | 0.64947  | 0.502006  | 0.621433 | 0.851924 | 0.903013 | 0.774838 | 0.849905 | 0.609048  | 1        | 0.89096  | 0.87477  |
| C12 Misinformation injection            | 0.454521 | 0.75953  | 0.730224 | 0.532718  | 0.617995 | 0.856421 | 0.95587  | 0.910055 | 0.919597 | 0.773745  | 0.89096  | 1        | 0.918305 |
| C13 Edge-case / low-support prompts     | 0.462404 | 0.922509 | 0.692541 | 0.487786  | 0.660875 | 0.846549 | 0.975643 | 0.759742 | 0.962871 | 0.601069  | 0.87477  | 0.918305 | 1        |