# Inter-Features Correlation

| Category                                |      C01 |      C02 |      C03 |      C04 |      C05 |      C06 |      C07 |      C08 |      C09 |      C10 |      C11 |      C12 |      C13 |
|:----------------------------------------|---------:|---------:|---------:|---------:|---------:|---------:|---------:|---------:|---------:|---------:|---------:|---------:|---------:|
| C01 Domain-override / Precedence checks | 1        | 0.503872 | 0.38387  | 0.463858 | 0.401097 | 0.369174 | 0.441253 | 0.449806 | 0.445711 | 0.23424  | 0.538835 | 0.522862 | 0.473395 |
| C02 Event-log fact-extraction           | 0.503872 | 1        | 0.472545 | 0.646867 | 0.454044 | 0.545734 | 0.640164 | 0.622664 | 0.710207 | 0.299876 | 0.641779 | 0.737739 | 0.608464 |
| C03 Text to Model reconstruction        | 0.38387  | 0.472545 | 1        | 0.401231 | 0.382417 | 0.347599 | 0.447319 | 0.391651 | 0.492017 | 0.349675 | 0.454921 | 0.506167 | 0.411093 |
| C04 Compliance / Conformance reasoning  | 0.463858 | 0.646867 | 0.401231 | 1        | 0.614298 | 0.463013 | 0.565023 | 0.735657 | 0.545124 | 0.121588 | 0.628776 | 0.639229 | 0.493032 |
| C05 Counterfactual edits                | 0.401097 | 0.454044 | 0.382417 | 0.614298 | 1        | 0.372659 | 0.486798 | 0.526873 | 0.374759 | 0.211225 | 0.525968 | 0.502085 | 0.438703 |
| C06 Multi-process memory interference   | 0.369174 | 0.545734 | 0.347599 | 0.463013 | 0.372659 | 1        | 0.515538 | 0.479854 | 0.584987 | 0.226951 | 0.560551 | 0.562946 | 0.481422 |
| C07 Change-log diffing                  | 0.441253 | 0.640164 | 0.447319 | 0.565023 | 0.486798 | 0.515538 | 1        | 0.51759  | 0.727456 | 0.367441 | 0.687485 | 0.662819 | 0.533055 |
| C08 Temporal / concurrency reasoning    | 0.449806 | 0.622664 | 0.391651 | 0.735657 | 0.526873 | 0.479854 | 0.51759  | 1        | 0.51461  | 0.262996 | 0.612835 | 0.61824  | 0.497687 |
| C09 Unknown-should-remain-unknown       | 0.445711 | 0.710207 | 0.492017 | 0.545124 | 0.374759 | 0.584987 | 0.727456 | 0.51461  | 1        | 0.385467 | 0.688771 | 0.694086 | 0.61256  |
| C10 Domain-synonym enforcement          | 0.23424  | 0.299876 | 0.349675 | 0.121588 | 0.211225 | 0.226951 | 0.367441 | 0.262996 | 0.385467 | 1        | 0.290985 | 0.290311 | 0.324059 |
| C11 Performance analytics commentary    | 0.538835 | 0.641779 | 0.454921 | 0.628776 | 0.525968 | 0.560551 | 0.687485 | 0.612835 | 0.688771 | 0.290985 | 1        | 0.737956 | 0.551378 |
| C12 Misinformation injection            | 0.522862 | 0.737739 | 0.506167 | 0.639229 | 0.502085 | 0.562946 | 0.662819 | 0.61824  | 0.694086 | 0.290311 | 0.737956 | 1        | 0.610453 |
| C13 Edge-case / low-support prompts     | 0.473395 | 0.608464 | 0.411093 | 0.493032 | 0.438703 | 0.481422 | 0.533055 | 0.497687 | 0.61256  | 0.324059 | 0.551378 | 0.610453 | 1        |