# Inter-Features Correlation

| Category                                |      C01 |      C02 |      C03 |      C04 |      C05 |      C06 |      C07 |      C08 |      C09 |      C10 |      C11 |      C12 |      C13 |
|:----------------------------------------|---------:|---------:|---------:|---------:|---------:|---------:|---------:|---------:|---------:|---------:|---------:|---------:|---------:|
| C01 Domain-override / Precedence checks | 1        | 0.572194 | 0.429037 | 0.52779  | 0.465275 | 0.414444 | 0.494171 | 0.477599 | 0.478622 | 0.235756 | 0.587422 | 0.583336 | 0.52856  |
| C02 Event-log fact-extraction           | 0.572194 | 1        | 0.492369 | 0.694289 | 0.480644 | 0.627262 | 0.693261 | 0.615169 | 0.709127 | 0.359989 | 0.712721 | 0.787397 | 0.663548 |
| C03 Text to Model reconstruction        | 0.429037 | 0.492369 | 1        | 0.419214 | 0.425392 | 0.390815 | 0.464288 | 0.414603 | 0.500866 | 0.3555   | 0.471488 | 0.519771 | 0.427956 |
| C04 Compliance / Conformance reasoning  | 0.52779  | 0.694289 | 0.419214 | 1        | 0.630538 | 0.503203 | 0.608618 | 0.73829  | 0.565421 | 0.154855 | 0.676624 | 0.685247 | 0.525382 |
| C05 Counterfactual edits                | 0.465275 | 0.480644 | 0.425392 | 0.630538 | 1        | 0.387653 | 0.51686  | 0.553546 | 0.412522 | 0.194705 | 0.569735 | 0.537475 | 0.468803 |
| C06 Multi-process memory interference   | 0.414444 | 0.627262 | 0.390815 | 0.503203 | 0.387653 | 1        | 0.569547 | 0.501662 | 0.627946 | 0.269607 | 0.609494 | 0.615798 | 0.529004 |
| C07 Change-log diffing                  | 0.494171 | 0.693261 | 0.464288 | 0.608618 | 0.51686  | 0.569547 | 1        | 0.514381 | 0.70286  | 0.392967 | 0.748396 | 0.721193 | 0.583289 |
| C08 Temporal / concurrency reasoning    | 0.477599 | 0.615169 | 0.414603 | 0.73829  | 0.553546 | 0.501662 | 0.514381 | 1        | 0.544093 | 0.245228 | 0.607047 | 0.623303 | 0.476913 |
| C09 Unknown-should-remain-unknown       | 0.478622 | 0.709127 | 0.500866 | 0.565421 | 0.412522 | 0.627946 | 0.70286  | 0.544093 | 1        | 0.378645 | 0.68126  | 0.701706 | 0.623546 |
| C10 Domain-synonym enforcement          | 0.235756 | 0.359989 | 0.3555   | 0.154855 | 0.194705 | 0.269607 | 0.392967 | 0.245228 | 0.378645 | 1        | 0.300463 | 0.326208 | 0.359213 |
| C11 Performance analytics commentary    | 0.587422 | 0.712721 | 0.471488 | 0.676624 | 0.569735 | 0.609494 | 0.748396 | 0.607047 | 0.68126  | 0.300463 | 1        | 0.783206 | 0.600281 |
| C12 Misinformation injection            | 0.583336 | 0.787397 | 0.519771 | 0.685247 | 0.537475 | 0.615798 | 0.721193 | 0.623303 | 0.701706 | 0.326208 | 0.783206 | 1        | 0.658016 |
| C13 Edge-case / low-support prompts     | 0.52856  | 0.663548 | 0.427956 | 0.525382 | 0.468803 | 0.529004 | 0.583289 | 0.476913 | 0.623546 | 0.359213 | 0.600281 | 0.658016 | 1        |