# Inter-Features Correlation

| Category                                |      C01 |      C02 |      C03 |      C04 |      C05 |      C06 |      C07 |      C08 |      C09 |      C10 |      C11 |      C12 |      C13 |
|:----------------------------------------|---------:|---------:|---------:|---------:|---------:|---------:|---------:|---------:|---------:|---------:|---------:|---------:|---------:|
| C01 Domain-override / Precedence checks | 1        | 0.426477 | 0.340766 | 0.444796 | 0.336078 | 0.41303  | 0.418514 | 0.468953 | 0.444836 | 0.190654 | 0.46128  | 0.4375   | 0.431243 |
| C02 Event-log fact-extraction           | 0.426477 | 1        | 0.442954 | 0.607421 | 0.402345 | 0.563671 | 0.58086  | 0.57842  | 0.663556 | 0.263014 | 0.583315 | 0.69983  | 0.582929 |
| C03 Text to Model reconstruction        | 0.340766 | 0.442954 | 1        | 0.379174 | 0.320154 | 0.40367  | 0.410782 | 0.351721 | 0.499007 | 0.268795 | 0.424978 | 0.483375 | 0.395554 |
| C04 Compliance / Conformance reasoning  | 0.444796 | 0.607421 | 0.379174 | 1        | 0.633177 | 0.472926 | 0.492828 | 0.690717 | 0.48669  | 0.100209 | 0.56879  | 0.622383 | 0.45226  |
| C05 Counterfactual edits                | 0.336078 | 0.402345 | 0.320154 | 0.633177 | 1        | 0.431652 | 0.43731  | 0.494212 | 0.40439  | 0.187373 | 0.51982  | 0.485783 | 0.388567 |
| C06 Multi-process memory interference   | 0.41303  | 0.563671 | 0.40367  | 0.472926 | 0.431652 | 1        | 0.588967 | 0.515211 | 0.594536 | 0.290768 | 0.579746 | 0.566466 | 0.542614 |
| C07 Change-log diffing                  | 0.418514 | 0.58086  | 0.410782 | 0.492828 | 0.43731  | 0.588967 | 1        | 0.44819  | 0.657668 | 0.325691 | 0.616848 | 0.57493  | 0.513824 |
| C08 Temporal / concurrency reasoning    | 0.468953 | 0.57842  | 0.351721 | 0.690717 | 0.494212 | 0.515211 | 0.44819  | 1        | 0.474067 | 0.24244  | 0.542507 | 0.605381 | 0.443484 |
| C09 Unknown-should-remain-unknown       | 0.444836 | 0.663556 | 0.499007 | 0.48669  | 0.40439  | 0.594536 | 0.657668 | 0.474067 | 1        | 0.35573  | 0.642018 | 0.666913 | 0.579405 |
| C10 Domain-synonym enforcement          | 0.190654 | 0.263014 | 0.268795 | 0.100209 | 0.187373 | 0.290768 | 0.325691 | 0.24244  | 0.35573  | 1        | 0.302009 | 0.348959 | 0.307511 |
| C11 Performance analytics commentary    | 0.46128  | 0.583315 | 0.424978 | 0.56879  | 0.51982  | 0.579746 | 0.616848 | 0.542507 | 0.642018 | 0.302009 | 1        | 0.659047 | 0.496457 |
| C12 Misinformation injection            | 0.4375   | 0.69983  | 0.483375 | 0.622383 | 0.485783 | 0.566466 | 0.57493  | 0.605381 | 0.666913 | 0.348959 | 0.659047 | 1        | 0.572096 |
| C13 Edge-case / low-support prompts     | 0.431243 | 0.582929 | 0.395554 | 0.45226  | 0.388567 | 0.542614 | 0.513824 | 0.443484 | 0.579405 | 0.307511 | 0.496457 | 0.572096 | 1        |