# Inter-Features Correlation

| Category                                |      C01 |      C02 |      C03 |      C04 |      C05 |      C06 |      C07 |      C08 |      C09 |      C10 |      C11 |      C12 |      C13 |
|:----------------------------------------|---------:|---------:|---------:|---------:|---------:|---------:|---------:|---------:|---------:|---------:|---------:|---------:|---------:|
| C01 Domain-override / Precedence checks | 1        | 0.530308 | 0.38762  | 0.513871 | 0.375038 | 0.38115  | 0.477492 | 0.500137 | 0.484343 | 0.273157 | 0.563476 | 0.518017 | 0.472173 |
| C02 Event-log fact-extraction           | 0.530308 | 1        | 0.480908 | 0.672591 | 0.468361 | 0.555539 | 0.64889  | 0.654458 | 0.718558 | 0.308696 | 0.666036 | 0.754966 | 0.627671 |
| C03 Text to Model reconstruction        | 0.38762  | 0.480908 | 1        | 0.400939 | 0.358606 | 0.379918 | 0.45265  | 0.391985 | 0.504885 | 0.374245 | 0.461283 | 0.515342 | 0.408198 |
| C04 Compliance / Conformance reasoning  | 0.513871 | 0.672591 | 0.400939 | 1        | 0.643527 | 0.489675 | 0.558939 | 0.725701 | 0.539215 | 0.13701  | 0.615182 | 0.652391 | 0.499483 |
| C05 Counterfactual edits                | 0.375038 | 0.468361 | 0.358606 | 0.643527 | 1        | 0.404881 | 0.490845 | 0.551354 | 0.383559 | 0.261747 | 0.513547 | 0.486783 | 0.434693 |
| C06 Multi-process memory interference   | 0.38115  | 0.555539 | 0.379918 | 0.489675 | 0.404881 | 1        | 0.525416 | 0.518057 | 0.596322 | 0.241916 | 0.5828   | 0.577818 | 0.500368 |
| C07 Change-log diffing                  | 0.477492 | 0.64889  | 0.45265  | 0.558939 | 0.490845 | 0.525416 | 1        | 0.529266 | 0.722661 | 0.383923 | 0.688759 | 0.673791 | 0.543608 |
| C08 Temporal / concurrency reasoning    | 0.500137 | 0.654458 | 0.391985 | 0.725701 | 0.551354 | 0.518057 | 0.529266 | 1        | 0.518534 | 0.316209 | 0.596866 | 0.630323 | 0.51062  |
| C09 Unknown-should-remain-unknown       | 0.484343 | 0.718558 | 0.504885 | 0.539215 | 0.383559 | 0.596322 | 0.722661 | 0.518534 | 1        | 0.399993 | 0.693833 | 0.707482 | 0.621461 |
| C10 Domain-synonym enforcement          | 0.273157 | 0.308696 | 0.374245 | 0.13701  | 0.261747 | 0.241916 | 0.383923 | 0.316209 | 0.399993 | 1        | 0.348371 | 0.341569 | 0.34143  |
| C11 Performance analytics commentary    | 0.563476 | 0.666036 | 0.461283 | 0.615182 | 0.513547 | 0.5828   | 0.688759 | 0.596866 | 0.693833 | 0.348371 | 1        | 0.733737 | 0.557618 |
| C12 Misinformation injection            | 0.518017 | 0.754966 | 0.515342 | 0.652391 | 0.486783 | 0.577818 | 0.673791 | 0.630323 | 0.707482 | 0.341569 | 0.733737 | 1        | 0.614445 |
| C13 Edge-case / low-support prompts     | 0.472173 | 0.627671 | 0.408198 | 0.499483 | 0.434693 | 0.500368 | 0.543608 | 0.51062  | 0.621461 | 0.34143  | 0.557618 | 0.614445 | 1        |