# Inter-Features Correlation

| Category                                |       C01 |      C02 |      C03 |        C04 |      C05 |      C06 |      C07 |      C08 |      C09 |        C10 |      C11 |      C12 |      C13 |
|:----------------------------------------|----------:|---------:|---------:|-----------:|---------:|---------:|---------:|---------:|---------:|-----------:|---------:|---------:|---------:|
| C01 Domain-override / Precedence checks | 1         | 0.333556 | 0.399431 |  0.527327  | 0.46128  | 0.328173 | 0.284872 | 0.471906 | 0.322319 |  0.0996776 | 0.41788  | 0.392329 | 0.448068 |
| C02 Event-log fact-extraction           | 0.333556  | 1        | 0.426186 |  0.507495  | 0.235787 | 0.32916  | 0.45541  | 0.393491 | 0.586036 |  0.129057  | 0.414309 | 0.632887 | 0.66284  |
| C03 Text to Model reconstruction        | 0.399431  | 0.426186 | 1        |  0.471672  | 0.421728 | 0.544143 | 0.418314 | 0.429673 | 0.537675 |  0.412935  | 0.428446 | 0.53232  | 0.514882 |
| C04 Compliance / Conformance reasoning  | 0.527327  | 0.507495 | 0.471672 |  1         | 0.649534 | 0.247219 | 0.277767 | 0.603188 | 0.365802 | -0.0790204 | 0.434221 | 0.481566 | 0.488941 |
| C05 Counterfactual edits                | 0.46128   | 0.235787 | 0.421728 |  0.649534  | 1        | 0.302055 | 0.407902 | 0.508022 | 0.291423 |  0.150538  | 0.333815 | 0.433349 | 0.439289 |
| C06 Multi-process memory interference   | 0.328173  | 0.32916  | 0.544143 |  0.247219  | 0.302055 | 1        | 0.560623 | 0.410934 | 0.555814 |  0.396436  | 0.581333 | 0.431689 | 0.387102 |
| C07 Change-log diffing                  | 0.284872  | 0.45541  | 0.418314 |  0.277767  | 0.407902 | 0.560623 | 1        | 0.380688 | 0.647468 |  0.323002  | 0.511257 | 0.501326 | 0.520713 |
| C08 Temporal / concurrency reasoning    | 0.471906  | 0.393491 | 0.429673 |  0.603188  | 0.508022 | 0.410934 | 0.380688 | 1        | 0.429263 |  0.360996  | 0.581008 | 0.562584 | 0.474924 |
| C09 Unknown-should-remain-unknown       | 0.322319  | 0.586036 | 0.537675 |  0.365802  | 0.291423 | 0.555814 | 0.647468 | 0.429263 | 1        |  0.420776  | 0.558824 | 0.645327 | 0.634136 |
| C10 Domain-synonym enforcement          | 0.0996776 | 0.129057 | 0.412935 | -0.0790204 | 0.150538 | 0.396436 | 0.323002 | 0.360996 | 0.420776 |  1         | 0.222668 | 0.367506 | 0.326638 |
| C11 Performance analytics commentary    | 0.41788   | 0.414309 | 0.428446 |  0.434221  | 0.333815 | 0.581333 | 0.511257 | 0.581008 | 0.558824 |  0.222668  | 1        | 0.546885 | 0.517083 |
| C12 Misinformation injection            | 0.392329  | 0.632887 | 0.53232  |  0.481566  | 0.433349 | 0.431689 | 0.501326 | 0.562584 | 0.645327 |  0.367506  | 0.546885 | 1        | 0.725831 |
| C13 Edge-case / low-support prompts     | 0.448068  | 0.66284  | 0.514882 |  0.488941  | 0.439289 | 0.387102 | 0.520713 | 0.474924 | 0.634136 |  0.326638  | 0.517083 | 0.725831 | 1        |