# Inter-Features Correlation

| Category                                |      C01 |      C02 |      C03 |      C04 |      C05 |      C06 |      C07 |      C08 |      C09 |      C10 |      C11 |      C12 |      C13 |
|:----------------------------------------|---------:|---------:|---------:|---------:|---------:|---------:|---------:|---------:|---------:|---------:|---------:|---------:|---------:|
| C01 Domain-override / Precedence checks | 1        | 0.633138 | 0.556315 | 0.5184   | 0.441283 | 0.446271 | 0.51318  | 0.444843 | 0.392495 | 0.335854 | 0.491106 | 0.486489 | 0.608385 |
| C02 Event-log fact-extraction           | 0.633138 | 1        | 0.423314 | 0.572637 | 0.335601 | 0.432791 | 0.600465 | 0.537653 | 0.280015 | 0.420567 | 0.286105 | 0.570641 | 0.754637 |
| C03 Text to Model reconstruction        | 0.556315 | 0.423314 | 1        | 0.479888 | 0.488807 | 0.324453 | 0.453205 | 0.453286 | 0.403169 | 0.496572 | 0.426474 | 0.498667 | 0.582317 |
| C04 Compliance / Conformance reasoning  | 0.5184   | 0.572637 | 0.479888 | 1        | 0.457567 | 0.298759 | 0.53653  | 0.633575 | 0.38501  | 0.385084 | 0.360256 | 0.614982 | 0.633239 |
| C05 Counterfactual edits                | 0.441283 | 0.335601 | 0.488807 | 0.457567 | 1        | 0.29019  | 0.523628 | 0.531448 | 0.302994 | 0.37369  | 0.38613  | 0.466172 | 0.464756 |
| C06 Multi-process memory interference   | 0.446271 | 0.432791 | 0.324453 | 0.298759 | 0.29019  | 1        | 0.457884 | 0.31394  | 0.447722 | 0.219027 | 0.627921 | 0.385398 | 0.473515 |
| C07 Change-log diffing                  | 0.51318  | 0.600465 | 0.453205 | 0.53653  | 0.523628 | 0.457884 | 1        | 0.607721 | 0.261468 | 0.488632 | 0.443211 | 0.551644 | 0.607128 |
| C08 Temporal / concurrency reasoning    | 0.444843 | 0.537653 | 0.453286 | 0.633575 | 0.531448 | 0.31394  | 0.607721 | 1        | 0.364476 | 0.514512 | 0.250823 | 0.617902 | 0.525273 |
| C09 Unknown-should-remain-unknown       | 0.392495 | 0.280015 | 0.403169 | 0.38501  | 0.302994 | 0.447722 | 0.261468 | 0.364476 | 1        | 0.377904 | 0.323663 | 0.624476 | 0.478575 |
| C10 Domain-synonym enforcement          | 0.335854 | 0.420567 | 0.496572 | 0.385084 | 0.37369  | 0.219027 | 0.488632 | 0.514512 | 0.377904 | 1        | 0.319766 | 0.548747 | 0.513905 |
| C11 Performance analytics commentary    | 0.491106 | 0.286105 | 0.426474 | 0.360256 | 0.38613  | 0.627921 | 0.443211 | 0.250823 | 0.323663 | 0.319766 | 1        | 0.392542 | 0.360522 |
| C12 Misinformation injection            | 0.486489 | 0.570641 | 0.498667 | 0.614982 | 0.466172 | 0.385398 | 0.551644 | 0.617902 | 0.624476 | 0.548747 | 0.392542 | 1        | 0.727379 |
| C13 Edge-case / low-support prompts     | 0.608385 | 0.754637 | 0.582317 | 0.633239 | 0.464756 | 0.473515 | 0.607128 | 0.525273 | 0.478575 | 0.513905 | 0.360522 | 0.727379 | 1        |