# Inter-Features Correlation

| Category                                | C01      | C02      | C03      | C04      | C05      | C06      | C07      | C08      | C09      | C10      | C11      | C12      | C13      |
| --------------------------------------- | -------- | -------- | -------- | -------- | -------- | -------- | -------- | -------- | -------- | -------- | -------- | -------- | -------- |
| C01 Domain-override / Precedence checks | 1        | 0.560077 | 0.424919 | 0.522953 | 0.45363  | 0.412631 | 0.481885 | 0.46003  | 0.469462 | 0.171847 | 0.555281 | 0.571638 | 0.475218 |
| C02 Event-log fact-extraction           | 0.560077 | 1        | 0.480314 | 0.6893   | 0.481776 | 0.632192 | 0.689218 | 0.620633 | 0.721769 | 0.291824 | 0.712155 | 0.800234 | 0.675119 |
| C03 Text to Model reconstruction        | 0.424919 | 0.480314 | 1        | 0.41159  | 0.409894 | 0.385912 | 0.442855 | 0.394227 | 0.451603 | 0.254437 | 0.455807 | 0.502787 | 0.399571 |
| C04 Compliance / Conformance reasoning  | 0.522953 | 0.6893   | 0.41159  | 1        | 0.60765  | 0.523033 | 0.609215 | 0.74565  | 0.547105 | 0.106026 | 0.646632 | 0.674533 | 0.524893 |
| C05 Counterfactual edits                | 0.45363  | 0.481776 | 0.409894 | 0.60765  | 1        | 0.371938 | 0.488208 | 0.533604 | 0.398145 | 0.155751 | 0.521861 | 0.531178 | 0.462274 |
| C06 Multi-process memory interference   | 0.412631 | 0.632192 | 0.385912 | 0.523033 | 0.371938 | 1        | 0.586853 | 0.512908 | 0.609699 | 0.21253  | 0.623075 | 0.629683 | 0.527186 |
| C07 Change-log diffing                  | 0.481885 | 0.689218 | 0.442855 | 0.609215 | 0.488208 | 0.586853 | 1        | 0.518803 | 0.669    | 0.329984 | 0.726053 | 0.707408 | 0.566198 |
| C08 Temporal / concurrency reasoning    | 0.46003  | 0.620633 | 0.394227 | 0.74565  | 0.533604 | 0.512908 | 0.518803 | 1        | 0.53526  | 0.191593 | 0.585306 | 0.618717 | 0.476203 |
| C09 Unknown-should-remain-unknown       | 0.469462 | 0.721769 | 0.451603 | 0.547105 | 0.398145 | 0.609699 | 0.669    | 0.53526  | 1        | 0.293537 | 0.678265 | 0.711341 | 0.630353 |
| C10 Domain-synonym enforcement          | 0.171847 | 0.291824 | 0.254437 | 0.106026 | 0.155751 | 0.21253  | 0.329984 | 0.191593 | 0.293537 | 1        | 0.220924 | 0.239852 | 0.310318 |
| C11 Performance analytics commentary    | 0.555281 | 0.712155 | 0.455807 | 0.646632 | 0.521861 | 0.623075 | 0.726053 | 0.585306 | 0.678265 | 0.220924 | 1        | 0.783928 | 0.578484 |
| C12 Misinformation injection            | 0.571638 | 0.800234 | 0.502787 | 0.674533 | 0.531178 | 0.629683 | 0.707408 | 0.618717 | 0.711341 | 0.239852 | 0.783928 | 1        | 0.655874 |
| C13 Edge-case / low-support prompts     | 0.475218 | 0.675119 | 0.399571 | 0.524893 | 0.462274 | 0.527186 | 0.566198 | 0.476203 | 0.630353 | 0.310318 | 0.578484 | 0.655874 | 1        |