# Inter-Features Correlation

| Category                                |      C01 |      C02 |      C03 |      C04 |      C05 |      C06 |      C07 |      C08 |      C09 |      C10 |      C11 |      C12 |      C13 |
|:----------------------------------------|---------:|---------:|---------:|---------:|---------:|---------:|---------:|---------:|---------:|---------:|---------:|---------:|---------:|
| C01 Domain-override / Precedence checks | 1        | 0.581044 | 0.514594 | 0.462853 | 0.459463 | 0.410974 | 0.460415 | 0.35702  | 0.384787 | 0.285488 | 0.443953 | 0.435359 | 0.519495 |
| C02 Event-log fact-extraction           | 0.581044 | 1        | 0.438212 | 0.556589 | 0.36035  | 0.427148 | 0.574501 | 0.463736 | 0.292868 | 0.396011 | 0.315021 | 0.575098 | 0.694423 |
| C03 Text to Model reconstruction        | 0.514594 | 0.438212 | 1        | 0.498279 | 0.594979 | 0.369219 | 0.466686 | 0.486182 | 0.376828 | 0.534583 | 0.484568 | 0.487181 | 0.52928  |
| C04 Compliance / Conformance reasoning  | 0.462853 | 0.556589 | 0.498279 | 1        | 0.57233  | 0.281647 | 0.535308 | 0.605575 | 0.406591 | 0.403165 | 0.425992 | 0.62424  | 0.573937 |
| C05 Counterfactual edits                | 0.459463 | 0.36035  | 0.594979 | 0.57233  | 1        | 0.331496 | 0.511562 | 0.555929 | 0.291391 | 0.513867 | 0.424987 | 0.448196 | 0.394913 |
| C06 Multi-process memory interference   | 0.410974 | 0.427148 | 0.369219 | 0.281647 | 0.331496 | 1        | 0.301026 | 0.302001 | 0.287644 | 0.251906 | 0.512262 | 0.406643 | 0.302606 |
| C07 Change-log diffing                  | 0.460415 | 0.574501 | 0.466686 | 0.535308 | 0.511562 | 0.301026 | 1        | 0.601935 | 0.272762 | 0.474713 | 0.482487 | 0.547373 | 0.572616 |
| C08 Temporal / concurrency reasoning    | 0.35702  | 0.463736 | 0.486182 | 0.605575 | 0.555929 | 0.302001 | 0.601935 | 1        | 0.353625 | 0.499285 | 0.358942 | 0.582392 | 0.416157 |
| C09 Unknown-should-remain-unknown       | 0.384787 | 0.292868 | 0.376828 | 0.406591 | 0.291391 | 0.287644 | 0.272762 | 0.353625 | 1        | 0.399734 | 0.313159 | 0.602511 | 0.469929 |
| C10 Domain-synonym enforcement          | 0.285488 | 0.396011 | 0.534583 | 0.403165 | 0.513867 | 0.251906 | 0.474713 | 0.499285 | 0.399734 | 1        | 0.352184 | 0.478733 | 0.455121 |
| C11 Performance analytics commentary    | 0.443953 | 0.315021 | 0.484568 | 0.425992 | 0.424987 | 0.512262 | 0.482487 | 0.358942 | 0.313159 | 0.352184 | 1        | 0.370234 | 0.329892 |
| C12 Misinformation injection            | 0.435359 | 0.575098 | 0.487181 | 0.62424  | 0.448196 | 0.406643 | 0.547373 | 0.582392 | 0.602511 | 0.478733 | 0.370234 | 1        | 0.705389 |
| C13 Edge-case / low-support prompts     | 0.519495 | 0.694423 | 0.52928  | 0.573937 | 0.394913 | 0.302606 | 0.572616 | 0.416157 | 0.469929 | 0.455121 | 0.329892 | 0.705389 | 1        |