# Inter-Features Correlation

| Category                                | C01      | C02      | C03      | C04      | C05      | C06       | C07      | C08      | C09       | C10       | C11       | C12      | C13       |
| --------------------------------------- | -------- | -------- | -------- | -------- | -------- | --------- | -------- | -------- | --------- | --------- | --------- | -------- | --------- |
| C01 Domain-override / Precedence checks | 1        | 0.256145 | 0.364591 | 0.294481 | 0.30934  | 0.197469  | 0.411151 | 0.171631 | 0.130193  | 0.093528  | 0.333594  | 0.236281 | 0.19584   |
| C02 Event-log fact-extraction           | 0.256145 | 1        | 0.357346 | 0.580128 | 0.341037 | 0.249168  | 0.415808 | 0.588666 | 0.538529  | 0.130154  | 0.190536  | 0.255315 | 0.202502  |
| C03 Text to Model reconstruction        | 0.364591 | 0.357346 | 1        | 0.191108 | 0.196631 | 0.2465    | 0.181838 | 0.235431 | 0.163226  | 0.217962  | 0.248854  | 0.127619 | 0.133569  |
| C04 Compliance / Conformance reasoning  | 0.294481 | 0.580128 | 0.191108 | 1        | 0.503649 | 0.325556  | 0.41396  | 0.653863 | 0.234004  | 0.169672  | 0.316442  | 0.259756 | 0.042509  |
| C05 Counterfactual edits                | 0.30934  | 0.341037 | 0.196631 | 0.503649 | 1        | 0.14955   | 0.255406 | 0.379888 | 0.140803  | 0.148915  | 0.155562  | 0.268907 | 0.28048   |
| C06 Multi-process memory interference   | 0.197469 | 0.249168 | 0.2465   | 0.325556 | 0.14955  | 1         | 0.200257 | 0.296684 | -0.059143 | 0.050074  | 0.136808  | 0.008745 | 0.024107  |
| C07 Change-log diffing                  | 0.411151 | 0.415808 | 0.181838 | 0.41396  | 0.255406 | 0.200257  | 1        | 0.31993  | 0.271024  | 0.209759  | 0.33633   | 0.236999 | 0.080418  |
| C08 Temporal / concurrency reasoning    | 0.171631 | 0.588666 | 0.235431 | 0.653863 | 0.379888 | 0.296684  | 0.31993  | 1        | 0.18036   | 0.085041  | 0.186651  | 0.206099 | 0.033799  |
| C09 Unknown-should-remain-unknown       | 0.130193 | 0.538529 | 0.163226 | 0.234004 | 0.140803 | -0.059143 | 0.271024 | 0.18036  | 1         | 0.069826  | 0.069051  | 0.477975 | 0.169898  |
| C10 Domain-synonym enforcement          | 0.093528 | 0.130154 | 0.217962 | 0.169672 | 0.148915 | 0.050074  | 0.209759 | 0.085041 | 0.069826  | 1         | -0.014635 | 0.135445 | -0.001748 |
| C11 Performance analytics commentary    | 0.333594 | 0.190536 | 0.248854 | 0.316442 | 0.155562 | 0.136808  | 0.33633  | 0.186651 | 0.069051  | -0.014635 | 1         | 0.23364  | 0.038874  |
| C12 Misinformation injection            | 0.236281 | 0.255315 | 0.127619 | 0.259756 | 0.268907 | 0.008745  | 0.236999 | 0.206099 | 0.477975  | 0.135445  | 0.23364   | 1        | 0.216744  |
| C13 Edge-case / low-support prompts     | 0.19584  | 0.202502 | 0.133569 | 0.042509 | 0.28048  | 0.024107  | 0.080418 | 0.033799 | 0.169898  | -0.001748 | 0.038874  | 0.216744 | 1         |