# Inter-Features Correlation

| Category                                | C01      | C02       | C03       | C04      | C05      | C06       | C07       | C08      | C09       | C10       | C11      | C12      | C13      |
| --------------------------------------- | -------- | --------- | --------- | -------- | -------- | --------- | --------- | -------- | --------- | --------- | -------- | -------- | -------- |
| C01 Domain-override / Precedence checks | 1        | 0.348644  | 0.20045   | 0.310285 | 0.311402 | 0.167079  | 0.451099  | 0.307122 | 0.219834  | 0.073714  | 0.379545 | 0.336635 | 0.226065 |
| C02 Event-log fact-extraction           | 0.348644 | 1         | 0.144155  | 0.473549 | 0.294492 | 0.294907  | 0.49191   | 0.563576 | 0.319137  | -0.013357 | 0.346545 | 0.350071 | 0.23825  |
| C03 Text to Model reconstruction        | 0.20045  | 0.144155  | 1         | 0.208839 | 0.088617 | 0.12846   | 0.195735  | 0.106583 | -0.008215 | 0.073769  | 0.170007 | 0.166813 | 0.110946 |
| C04 Compliance / Conformance reasoning  | 0.310285 | 0.473549  | 0.208839  | 1        | 0.560228 | 0.353738  | 0.464595  | 0.609961 | 0.229489  | 0.033441  | 0.440196 | 0.394835 | 0.373978 |
| C05 Counterfactual edits                | 0.311402 | 0.294492  | 0.088617  | 0.560228 | 1        | 0.243152  | 0.340853  | 0.38496  | 0.171855  | 0.09376   | 0.357244 | 0.383587 | 0.347721 |
| C06 Multi-process memory interference   | 0.167079 | 0.294907  | 0.12846   | 0.353738 | 0.243152 | 1         | 0.238786  | 0.323073 | 0.089015  | -0.045687 | 0.298817 | 0.196421 | 0.148737 |
| C07 Change-log diffing                  | 0.451099 | 0.49191   | 0.195735  | 0.464595 | 0.340853 | 0.238786  | 1         | 0.47557  | 0.318324  | -0.023724 | 0.56447  | 0.491445 | 0.251021 |
| C08 Temporal / concurrency reasoning    | 0.307122 | 0.563576  | 0.106583  | 0.609961 | 0.38496  | 0.323073  | 0.47557   | 1        | 0.286317  | -0.07134  | 0.364058 | 0.480155 | 0.324927 |
| C09 Unknown-should-remain-unknown       | 0.219834 | 0.319137  | -0.008215 | 0.229489 | 0.171855 | 0.089015  | 0.318324  | 0.286317 | 1         | -0.007476 | 0.376212 | 0.368699 | 0.225564 |
| C10 Domain-synonym enforcement          | 0.073714 | -0.013357 | 0.073769  | 0.033441 | 0.09376  | -0.045687 | -0.023724 | -0.07134 | -0.007476 | 1         | -0.01958 | 0.003844 | 0.06987  |
| C11 Performance analytics commentary    | 0.379545 | 0.346545  | 0.170007  | 0.440196 | 0.357244 | 0.298817  | 0.56447   | 0.364058 | 0.376212  | -0.01958  | 1        | 0.491566 | 0.349255 |
| C12 Misinformation injection            | 0.336635 | 0.350071  | 0.166813  | 0.394835 | 0.383587 | 0.196421  | 0.491445  | 0.480155 | 0.368699  | 0.003844  | 0.491566 | 1        | 0.407878 |
| C13 Edge-case / low-support prompts     | 0.226065 | 0.23825   | 0.110946  | 0.373978 | 0.347721 | 0.148737  | 0.251021  | 0.324927 | 0.225564  | 0.06987   | 0.349255 | 0.407878 | 1        |