# Inter-Features Correlation

| Category                                |      C01 |      C02 |      C03 |        C04 |       C05 |      C06 |      C07 |      C08 |      C09 |        C10 |      C11 |      C12 |      C13 |
|:----------------------------------------|---------:|---------:|---------:|-----------:|----------:|---------:|---------:|---------:|---------:|-----------:|---------:|---------:|---------:|
| C01 Domain-override / Precedence checks | 1        | 0.336722 | 0.317759 |  0.438998  | 0.446539  | 0.350053 | 0.30878  | 0.465819 | 0.322953 |  0.098891  | 0.426452 | 0.388827 | 0.467858 |
| C02 Event-log fact-extraction           | 0.336722 | 1        | 0.420797 |  0.533464  | 0.35717   | 0.405859 | 0.484642 | 0.45018  | 0.610797 |  0.1085    | 0.488393 | 0.649208 | 0.673863 |
| C03 Text to Model reconstruction        | 0.317759 | 0.420797 | 1        |  0.451343  | 0.406342  | 0.502686 | 0.399572 | 0.407244 | 0.513104 |  0.381722  | 0.392146 | 0.495402 | 0.440154 |
| C04 Compliance / Conformance reasoning  | 0.438998 | 0.533464 | 0.451343 |  1         | 0.633323  | 0.351277 | 0.337761 | 0.639154 | 0.399124 | -0.0774958 | 0.519444 | 0.563269 | 0.485766 |
| C05 Counterfactual edits                | 0.446539 | 0.35717  | 0.406342 |  0.633323  | 1         | 0.426621 | 0.431775 | 0.541729 | 0.37574  |  0.0946436 | 0.503952 | 0.495462 | 0.45508  |
| C06 Multi-process memory interference   | 0.350053 | 0.405859 | 0.502686 |  0.351277  | 0.426621  | 1        | 0.593903 | 0.484546 | 0.587816 |  0.324716  | 0.627457 | 0.495752 | 0.463748 |
| C07 Change-log diffing                  | 0.30878  | 0.484642 | 0.399572 |  0.337761  | 0.431775  | 0.593903 | 1        | 0.413353 | 0.661649 |  0.267711  | 0.543144 | 0.523398 | 0.527124 |
| C08 Temporal / concurrency reasoning    | 0.465819 | 0.45018  | 0.407244 |  0.639154  | 0.541729  | 0.484546 | 0.413353 | 1        | 0.442157 |  0.314926  | 0.613608 | 0.594607 | 0.520925 |
| C09 Unknown-should-remain-unknown       | 0.322953 | 0.610797 | 0.513104 |  0.399124  | 0.37574   | 0.587816 | 0.661649 | 0.442157 | 1        |  0.32704   | 0.591665 | 0.668111 | 0.616843 |
| C10 Domain-synonym enforcement          | 0.098891 | 0.1085   | 0.381722 | -0.0774958 | 0.0946436 | 0.324716 | 0.267711 | 0.314926 | 0.32704  |  1         | 0.182347 | 0.276853 | 0.288085 |
| C11 Performance analytics commentary    | 0.426452 | 0.488393 | 0.392146 |  0.519444  | 0.503952  | 0.627457 | 0.543144 | 0.613608 | 0.591665 |  0.182347  | 1        | 0.603761 | 0.539667 |
| C12 Misinformation injection            | 0.388827 | 0.649208 | 0.495402 |  0.563269  | 0.495462  | 0.495752 | 0.523398 | 0.594607 | 0.668111 |  0.276853  | 0.603761 | 1        | 0.708587 |
| C13 Edge-case / low-support prompts     | 0.467858 | 0.673863 | 0.440154 |  0.485766  | 0.45508   | 0.463748 | 0.527124 | 0.520925 | 0.616843 |  0.288085  | 0.539667 | 0.708587 | 1        |