# Inter-Features Correlation

| Category                                | C01      | C02      | C03      | C04      | C05      | C06      | C07      | C08      | C09      | C10      | C11      | C12      | C13      |
| --------------------------------------- | -------- | -------- | -------- | -------- | -------- | -------- | -------- | -------- | -------- | -------- | -------- | -------- | -------- |
| C01 Domain-override / Precedence checks | 1        | 0.559809 | 0.432859 | 0.515153 | 0.460393 | 0.413234 | 0.479636 | 0.455037 | 0.471829 | 0.178576 | 0.553404 | 0.569634 | 0.481334 |
| C02 Event-log fact-extraction           | 0.559809 | 1        | 0.48229  | 0.690674 | 0.483839 | 0.632193 | 0.691065 | 0.619064 | 0.722024 | 0.29407  | 0.711275 | 0.799711 | 0.676338 |
| C03 Text to Model reconstruction        | 0.432859 | 0.48229  | 1        | 0.415407 | 0.414327 | 0.389989 | 0.451602 | 0.397575 | 0.452515 | 0.259836 | 0.45601  | 0.503477 | 0.402654 |
| C04 Compliance / Conformance reasoning  | 0.515153 | 0.690674 | 0.415407 | 1        | 0.608672 | 0.522906 | 0.606589 | 0.747055 | 0.552748 | 0.10872  | 0.647515 | 0.675198 | 0.533736 |
| C05 Counterfactual edits                | 0.460393 | 0.483839 | 0.414327 | 0.608672 | 1        | 0.370611 | 0.485867 | 0.536279 | 0.40386  | 0.154253 | 0.526193 | 0.53518  | 0.468764 |
| C06 Multi-process memory interference   | 0.413234 | 0.632193 | 0.389989 | 0.522906 | 0.370611 | 1        | 0.585313 | 0.51209  | 0.612237 | 0.211874 | 0.62459  | 0.630983 | 0.529567 |
| C07 Change-log diffing                  | 0.479636 | 0.691065 | 0.451602 | 0.606589 | 0.485867 | 0.585313 | 1        | 0.517833 | 0.676226 | 0.329783 | 0.730749 | 0.711355 | 0.572908 |
| C08 Temporal / concurrency reasoning    | 0.455037 | 0.619064 | 0.397575 | 0.747055 | 0.536279 | 0.51209  | 0.517833 | 1        | 0.534924 | 0.193272 | 0.583746 | 0.617212 | 0.476471 |
| C09 Unknown-should-remain-unknown       | 0.471829 | 0.722024 | 0.452515 | 0.552748 | 0.40386  | 0.612237 | 0.676226 | 0.534924 | 1        | 0.297004 | 0.677787 | 0.711248 | 0.62939  |
| C10 Domain-synonym enforcement          | 0.178576 | 0.29407  | 0.259836 | 0.10872  | 0.154253 | 0.211874 | 0.329783 | 0.193272 | 0.297004 | 1        | 0.225117 | 0.244005 | 0.31219  |
| C11 Performance analytics commentary    | 0.553404 | 0.711275 | 0.45601  | 0.647515 | 0.526193 | 0.62459  | 0.730749 | 0.583746 | 0.677787 | 0.225117 | 1        | 0.782572 | 0.579542 |
| C12 Misinformation injection            | 0.569634 | 0.799711 | 0.503477 | 0.675198 | 0.53518  | 0.630983 | 0.711355 | 0.617212 | 0.711248 | 0.244005 | 0.782572 | 1        | 0.657594 |
| C13 Edge-case / low-support prompts     | 0.481334 | 0.676338 | 0.402654 | 0.533736 | 0.468764 | 0.529567 | 0.572908 | 0.476471 | 0.62939  | 0.31219  | 0.579542 | 0.657594 | 1        |