# Inter-Features Correlation

| Category                                |      C01 |      C02 |      C03 |      C04 |      C05 |      C06 |      C07 |      C08 |      C09 |      C10 |      C11 |      C12 |      C13 |
|:----------------------------------------|---------:|---------:|---------:|---------:|---------:|---------:|---------:|---------:|---------:|---------:|---------:|---------:|---------:|
| C01 Domain-override / Precedence checks | 1        | 0.5361   | 0.46038  | 0.431407 | 0.42775  | 0.371998 | 0.44987  | 0.30758  | 0.373911 | 0.247779 | 0.438034 | 0.425487 | 0.494443 |
| C02 Event-log fact-extraction           | 0.5361   | 1        | 0.434492 | 0.547493 | 0.366533 | 0.429678 | 0.558936 | 0.4639   | 0.293854 | 0.410669 | 0.295184 | 0.575873 | 0.685838 |
| C03 Text to Model reconstruction        | 0.46038  | 0.434492 | 1        | 0.464097 | 0.513659 | 0.337142 | 0.458992 | 0.480491 | 0.363885 | 0.524372 | 0.417047 | 0.461911 | 0.488039 |
| C04 Compliance / Conformance reasoning  | 0.431407 | 0.547493 | 0.464097 | 1        | 0.557485 | 0.289441 | 0.518044 | 0.57904  | 0.399876 | 0.397672 | 0.432406 | 0.615103 | 0.580183 |
| C05 Counterfactual edits                | 0.42775  | 0.366533 | 0.513659 | 0.557485 | 1        | 0.341229 | 0.485213 | 0.519767 | 0.284962 | 0.514576 | 0.42549  | 0.458728 | 0.404838 |
| C06 Multi-process memory interference   | 0.371998 | 0.429678 | 0.337142 | 0.289441 | 0.341229 | 1        | 0.266399 | 0.289981 | 0.294028 | 0.250385 | 0.507532 | 0.403949 | 0.316079 |
| C07 Change-log diffing                  | 0.44987  | 0.558936 | 0.458992 | 0.518044 | 0.485213 | 0.266399 | 1        | 0.56899  | 0.260637 | 0.47257  | 0.45584  | 0.540946 | 0.551334 |
| C08 Temporal / concurrency reasoning    | 0.30758  | 0.4639   | 0.480491 | 0.57904  | 0.519767 | 0.289981 | 0.56899  | 1        | 0.327264 | 0.504148 | 0.322312 | 0.563694 | 0.390018 |
| C09 Unknown-should-remain-unknown       | 0.373911 | 0.293854 | 0.363885 | 0.399876 | 0.284962 | 0.294028 | 0.260637 | 0.327264 | 1        | 0.385958 | 0.305995 | 0.598748 | 0.470294 |
| C10 Domain-synonym enforcement          | 0.247779 | 0.410669 | 0.524372 | 0.397672 | 0.514576 | 0.250385 | 0.47257  | 0.504148 | 0.385958 | 1        | 0.328461 | 0.480776 | 0.44775  |
| C11 Performance analytics commentary    | 0.438034 | 0.295184 | 0.417047 | 0.432406 | 0.42549  | 0.507532 | 0.45584  | 0.322312 | 0.305995 | 0.328461 | 1        | 0.365777 | 0.341453 |
| C12 Misinformation injection            | 0.425487 | 0.575873 | 0.461911 | 0.615103 | 0.458728 | 0.403949 | 0.540946 | 0.563694 | 0.598748 | 0.480776 | 0.365777 | 1        | 0.701826 |
| C13 Edge-case / low-support prompts     | 0.494443 | 0.685838 | 0.488039 | 0.580183 | 0.404838 | 0.316079 | 0.551334 | 0.390018 | 0.470294 | 0.44775  | 0.341453 | 0.701826 | 1        |