# Inter-Features Correlation

| Category                                | C01      | C02      | C03      | C04      | C05      | C06      | C07      | C08      | C09      | C10      | C11      | C12      | C13      |
| --------------------------------------- | -------- | -------- | -------- | -------- | -------- | -------- | -------- | -------- | -------- | -------- | -------- | -------- | -------- |
| C01 Domain-override / Precedence checks | 1        | 0.560227 | 0.434476 | 0.514975 | 0.461259 | 0.412608 | 0.47917  | 0.457856 | 0.472839 | 0.178992 | 0.553259 | 0.570377 | 0.48092  |
| C02 Event-log fact-extraction           | 0.560227 | 1        | 0.489968 | 0.691063 | 0.485087 | 0.634218 | 0.691843 | 0.619887 | 0.721935 | 0.293334 | 0.711911 | 0.799618 | 0.678674 |
| C03 Text to Model reconstruction        | 0.434476 | 0.489968 | 1        | 0.417922 | 0.419532 | 0.38556  | 0.451875 | 0.41279  | 0.462922 | 0.267018 | 0.458437 | 0.512975 | 0.397864 |
| C04 Compliance / Conformance reasoning  | 0.514975 | 0.691063 | 0.417922 | 1        | 0.609353 | 0.523019 | 0.606642 | 0.751231 | 0.553759 | 0.109082 | 0.647429 | 0.675838 | 0.534084 |
| C05 Counterfactual edits                | 0.461259 | 0.485087 | 0.419532 | 0.609353 | 1        | 0.37216  | 0.4879   | 0.542217 | 0.406018 | 0.156359 | 0.526562 | 0.536541 | 0.471505 |
| C06 Multi-process memory interference   | 0.412608 | 0.634218 | 0.38556  | 0.523019 | 0.37216  | 1        | 0.584507 | 0.518151 | 0.615637 | 0.213574 | 0.624816 | 0.633724 | 0.527378 |
| C07 Change-log diffing                  | 0.47917  | 0.691843 | 0.451875 | 0.606642 | 0.4879   | 0.584507 | 1        | 0.520476 | 0.67768  | 0.33008  | 0.731078 | 0.712632 | 0.571789 |
| C08 Temporal / concurrency reasoning    | 0.457856 | 0.619887 | 0.41279  | 0.751231 | 0.542217 | 0.518151 | 0.520476 | 1        | 0.533459 | 0.189396 | 0.587963 | 0.617621 | 0.481665 |
| C09 Unknown-should-remain-unknown       | 0.472839 | 0.721935 | 0.462922 | 0.553759 | 0.406018 | 0.615637 | 0.67768  | 0.533459 | 1        | 0.295308 | 0.67938  | 0.710987 | 0.632846 |
| C10 Domain-synonym enforcement          | 0.178992 | 0.293334 | 0.267018 | 0.109082 | 0.156359 | 0.213574 | 0.33008  | 0.189396 | 0.295308 | 1        | 0.226101 | 0.243013 | 0.313853 |
| C11 Performance analytics commentary    | 0.553259 | 0.711911 | 0.458437 | 0.647429 | 0.526562 | 0.624816 | 0.731078 | 0.587963 | 0.67938  | 0.226101 | 1        | 0.783549 | 0.579997 |
| C12 Misinformation injection            | 0.570377 | 0.799618 | 0.512975 | 0.675838 | 0.536541 | 0.633724 | 0.712632 | 0.617621 | 0.710987 | 0.243013 | 0.783549 | 1        | 0.660654 |
| C13 Edge-case / low-support prompts     | 0.48092  | 0.678674 | 0.397864 | 0.534084 | 0.471505 | 0.527378 | 0.571789 | 0.481665 | 0.632846 | 0.313853 | 0.579997 | 0.660654 | 1        |