# Inter-Features Correlation

| Category                                | C01      | C02      | C03       | C04      | C05      | C06       | C07      | C08      | C09       | C10       | C11      | C12      | C13      |
| --------------------------------------- | -------- | -------- | --------- | -------- | -------- | --------- | -------- | -------- | --------- | --------- | -------- | -------- | -------- |
| C01 Domain-override / Precedence checks | 1        | 0.270607 | 0.222408  | 0.292289 | 0.352846 | 0.163299  | 0.418525 | 0.2427   | 0.217916  | 0.131445  | 0.336254 | 0.306249 | 0.197497 |
| C02 Event-log fact-extraction           | 0.270607 | 1        | 0.183218  | 0.448914 | 0.335294 | 0.147334  | 0.32953  | 0.502141 | 0.262348  | 0.102089  | 0.203775 | 0.224629 | 0.177932 |
| C03 Text to Model reconstruction        | 0.222408 | 0.183218 | 1         | 0.302855 | 0.269063 | 0.139207  | 0.266839 | 0.192942 | -0.017599 | 0.052242  | 0.249738 | 0.264093 | 0.143682 |
| C04 Compliance / Conformance reasoning  | 0.292289 | 0.448914 | 0.302855  | 1        | 0.559477 | 0.340177  | 0.425045 | 0.573995 | 0.217492  | 0.115164  | 0.356202 | 0.324997 | 0.269306 |
| C05 Counterfactual edits                | 0.352846 | 0.335294 | 0.269063  | 0.559477 | 1        | 0.231776  | 0.359518 | 0.378665 | 0.214852  | 0.154289  | 0.35491  | 0.358934 | 0.391371 |
| C06 Multi-process memory interference   | 0.163299 | 0.147334 | 0.139207  | 0.340177 | 0.231776 | 1         | 0.194312 | 0.318969 | 0.034597  | -0.018275 | 0.270216 | 0.161697 | 0.144264 |
| C07 Change-log diffing                  | 0.418525 | 0.32953  | 0.266839  | 0.425045 | 0.359518 | 0.194312  | 1        | 0.321292 | 0.254059  | 0.071196  | 0.475931 | 0.428523 | 0.150188 |
| C08 Temporal / concurrency reasoning    | 0.2427   | 0.502141 | 0.192942  | 0.573995 | 0.378665 | 0.318969  | 0.321292 | 1        | 0.211736  | 0.020539  | 0.242665 | 0.383318 | 0.187738 |
| C09 Unknown-should-remain-unknown       | 0.217916 | 0.262348 | -0.017599 | 0.217492 | 0.214852 | 0.034597  | 0.254059 | 0.211736 | 1         | 0.06578   | 0.344827 | 0.375773 | 0.204728 |
| C10 Domain-synonym enforcement          | 0.131445 | 0.102089 | 0.052242  | 0.115164 | 0.154289 | -0.018275 | 0.071196 | 0.020539 | 0.06578   | 1         | 0.109132 | 0.099679 | 0.145113 |
| C11 Performance analytics commentary    | 0.336254 | 0.203775 | 0.249738  | 0.356202 | 0.35491  | 0.270216  | 0.475931 | 0.242665 | 0.344827  | 0.109132  | 1        | 0.495556 | 0.261455 |
| C12 Misinformation injection            | 0.306249 | 0.224629 | 0.264093  | 0.324997 | 0.358934 | 0.161697  | 0.428523 | 0.383318 | 0.375773  | 0.099679  | 0.495556 | 1        | 0.359874 |
| C13 Edge-case / low-support prompts     | 0.197497 | 0.177932 | 0.143682  | 0.269306 | 0.391371 | 0.144264  | 0.150188 | 0.187738 | 0.204728  | 0.145113  | 0.261455 | 0.359874 | 1        |