# Inter-Features Correlation

| Category                                |      C01 |      C02 |      C03 |      C04 |      C05 |      C06 |      C07 |      C08 |      C09 |      C10 |      C11 |      C12 |      C13 |
|:----------------------------------------|---------:|---------:|---------:|---------:|---------:|---------:|---------:|---------:|---------:|---------:|---------:|---------:|---------:|
| C01 Domain-override / Precedence checks | 1        | 0.570037 | 0.415568 | 0.514074 | 0.418947 | 0.427414 | 0.478079 | 0.467667 | 0.470624 | 0.285684 | 0.574072 | 0.571457 | 0.518662 |
| C02 Event-log fact-extraction           | 0.570037 | 1        | 0.492897 | 0.677976 | 0.463638 | 0.607027 | 0.676549 | 0.599362 | 0.697682 | 0.37394  | 0.694827 | 0.781423 | 0.690873 |
| C03 Text to Model reconstruction        | 0.415568 | 0.492897 | 1        | 0.427359 | 0.415793 | 0.376193 | 0.463044 | 0.406616 | 0.509701 | 0.386008 | 0.475181 | 0.524608 | 0.446243 |
| C04 Compliance / Conformance reasoning  | 0.514074 | 0.677976 | 0.427359 | 1        | 0.611984 | 0.500077 | 0.585216 | 0.731609 | 0.552253 | 0.178605 | 0.647984 | 0.668266 | 0.521064 |
| C05 Counterfactual edits                | 0.418947 | 0.463638 | 0.415793 | 0.611984 | 1        | 0.390377 | 0.500395 | 0.527563 | 0.396557 | 0.258801 | 0.539488 | 0.51479  | 0.465118 |
| C06 Multi-process memory interference   | 0.427414 | 0.607027 | 0.376193 | 0.500077 | 0.390377 | 1        | 0.546565 | 0.497812 | 0.615623 | 0.281844 | 0.598331 | 0.61121  | 0.559032 |
| C07 Change-log diffing                  | 0.478079 | 0.676549 | 0.463044 | 0.585216 | 0.500395 | 0.546565 | 1        | 0.495671 | 0.689714 | 0.427905 | 0.731791 | 0.704826 | 0.58644  |
| C08 Temporal / concurrency reasoning    | 0.467667 | 0.599362 | 0.406616 | 0.731609 | 0.527563 | 0.497812 | 0.495671 | 1        | 0.533992 | 0.274492 | 0.590488 | 0.606763 | 0.481962 |
| C09 Unknown-should-remain-unknown       | 0.470624 | 0.697682 | 0.509701 | 0.552253 | 0.396557 | 0.615623 | 0.689714 | 0.533992 | 1        | 0.405291 | 0.669688 | 0.68872  | 0.636113 |
| C10 Domain-synonym enforcement          | 0.285684 | 0.37394  | 0.386008 | 0.178605 | 0.258801 | 0.281844 | 0.427905 | 0.274492 | 0.405291 | 1        | 0.359717 | 0.358514 | 0.408356 |
| C11 Performance analytics commentary    | 0.574072 | 0.694827 | 0.475181 | 0.647984 | 0.539488 | 0.598331 | 0.731791 | 0.590488 | 0.669688 | 0.359717 | 1        | 0.776029 | 0.613119 |
| C12 Misinformation injection            | 0.571457 | 0.781423 | 0.524608 | 0.668266 | 0.51479  | 0.61121  | 0.704826 | 0.606763 | 0.68872  | 0.358514 | 0.776029 | 1        | 0.666403 |
| C13 Edge-case / low-support prompts     | 0.518662 | 0.690873 | 0.446243 | 0.521064 | 0.465118 | 0.559032 | 0.58644  | 0.481962 | 0.636113 | 0.408356 | 0.613119 | 0.666403 | 1        |