# Inter-Features Correlation

| Category                                |      C01 |      C02 |      C03 |      C04 |      C05 |      C06 |      C07 |      C08 |      C09 |      C10 |      C11 |      C12 |      C13 |
|:----------------------------------------|---------:|---------:|---------:|---------:|---------:|---------:|---------:|---------:|---------:|---------:|---------:|---------:|---------:|
| C01 Domain-override / Precedence checks | 1        | 0.508002 | 0.382982 | 0.505454 | 0.371058 | 0.39039  | 0.459833 | 0.496509 | 0.471567 | 0.255548 | 0.567506 | 0.504876 | 0.466025 |
| C02 Event-log fact-extraction           | 0.508002 | 1        | 0.478138 | 0.672896 | 0.467834 | 0.541486 | 0.643705 | 0.642297 | 0.717067 | 0.315453 | 0.640771 | 0.741346 | 0.626279 |
| C03 Text to Model reconstruction        | 0.382982 | 0.478138 | 1        | 0.409514 | 0.375782 | 0.383981 | 0.459894 | 0.393831 | 0.503136 | 0.37074  | 0.464911 | 0.518144 | 0.410224 |
| C04 Compliance / Conformance reasoning  | 0.505454 | 0.672896 | 0.409514 | 1        | 0.632988 | 0.48174  | 0.553196 | 0.717739 | 0.539773 | 0.127503 | 0.604024 | 0.644683 | 0.498393 |
| C05 Counterfactual edits                | 0.371058 | 0.467834 | 0.375782 | 0.632988 | 1        | 0.396044 | 0.491322 | 0.53052  | 0.378836 | 0.260243 | 0.513417 | 0.470204 | 0.437247 |
| C06 Multi-process memory interference   | 0.39039  | 0.541486 | 0.383981 | 0.48174  | 0.396044 | 1        | 0.515074 | 0.514006 | 0.589094 | 0.221232 | 0.584947 | 0.570849 | 0.495711 |
| C07 Change-log diffing                  | 0.459833 | 0.643705 | 0.459894 | 0.553196 | 0.491322 | 0.515074 | 1        | 0.513639 | 0.715344 | 0.376239 | 0.680309 | 0.663952 | 0.540592 |
| C08 Temporal / concurrency reasoning    | 0.496509 | 0.642297 | 0.393831 | 0.717739 | 0.53052  | 0.514006 | 0.513639 | 1        | 0.515594 | 0.279864 | 0.585424 | 0.62824  | 0.500744 |
| C09 Unknown-should-remain-unknown       | 0.471567 | 0.717067 | 0.503136 | 0.539773 | 0.378836 | 0.589094 | 0.715344 | 0.515594 | 1        | 0.389279 | 0.675137 | 0.702445 | 0.618548 |
| C10 Domain-synonym enforcement          | 0.255548 | 0.315453 | 0.37074  | 0.127503 | 0.260243 | 0.221232 | 0.376239 | 0.279864 | 0.389279 | 1        | 0.324686 | 0.303116 | 0.344805 |
| C11 Performance analytics commentary    | 0.567506 | 0.640771 | 0.464911 | 0.604024 | 0.513417 | 0.584947 | 0.680309 | 0.585424 | 0.675137 | 0.324686 | 1        | 0.721077 | 0.549297 |
| C12 Misinformation injection            | 0.504876 | 0.741346 | 0.518144 | 0.644683 | 0.470204 | 0.570849 | 0.663952 | 0.62824  | 0.702445 | 0.303116 | 0.721077 | 1        | 0.602424 |
| C13 Edge-case / low-support prompts     | 0.466025 | 0.626279 | 0.410224 | 0.498393 | 0.437247 | 0.495711 | 0.540592 | 0.500744 | 0.618548 | 0.344805 | 0.549297 | 0.602424 | 1        |