# Inter-Features Correlation

| Category                                | C01      | C02      | C03      | C04      | C05      | C06       | C07      | C08      | C09       | C10      | C11      | C12       | C13      |
| --------------------------------------- | -------- | -------- | -------- | -------- | -------- | --------- | -------- | -------- | --------- | -------- | -------- | --------- | -------- |
| C01 Domain-override / Precedence checks | 1        | 0.217488 | 0.33573  | 0.270629 | 0.2865   | 0.125831  | 0.390554 | 0.116181 | 0.142199  | 0.12579  | 0.282598 | 0.190506  | 0.197587 |
| C02 Event-log fact-extraction           | 0.217488 | 1        | 0.344097 | 0.568339 | 0.328561 | 0.206152  | 0.399088 | 0.568419 | 0.554291  | 0.139839 | 0.152387 | 0.219103  | 0.20695  |
| C03 Text to Model reconstruction        | 0.33573  | 0.344097 | 1        | 0.176347 | 0.179024 | 0.233601  | 0.156311 | 0.217406 | 0.170941  | 0.264561 | 0.208752 | 0.096651  | 0.130409 |
| C04 Compliance / Conformance reasoning  | 0.270629 | 0.568339 | 0.176347 | 1        | 0.499627 | 0.308566  | 0.409906 | 0.646123 | 0.239191  | 0.177136 | 0.298848 | 0.234835  | 0.043472 |
| C05 Counterfactual edits                | 0.2865   | 0.328561 | 0.179024 | 0.499627 | 1        | 0.115837  | 0.241032 | 0.364051 | 0.149757  | 0.184982 | 0.116713 | 0.252554  | 0.276338 |
| C06 Multi-process memory interference   | 0.125831 | 0.206152 | 0.233601 | 0.308566 | 0.115837 | 1         | 0.198474 | 0.23696  | -0.052826 | 0.085182 | 0.061781 | -0.059304 | 0.020021 |
| C07 Change-log diffing                  | 0.390554 | 0.399088 | 0.156311 | 0.409906 | 0.241032 | 0.198474  | 1        | 0.280853 | 0.300492  | 0.229027 | 0.303869 | 0.177986  | 0.085784 |
| C08 Temporal / concurrency reasoning    | 0.116181 | 0.568419 | 0.217406 | 0.646123 | 0.364051 | 0.23696   | 0.280853 | 1        | 0.193922  | 0.097769 | 0.13496  | 0.157952  | 0.032837 |
| C09 Unknown-should-remain-unknown       | 0.142199 | 0.554291 | 0.170941 | 0.239191 | 0.149757 | -0.052826 | 0.300492 | 0.193922 | 1         | 0.063561 | 0.082467 | 0.49681   | 0.173405 |
| C10 Domain-synonym enforcement          | 0.12579  | 0.139839 | 0.264561 | 0.177136 | 0.184982 | 0.085182  | 0.229027 | 0.097769 | 0.063561  | 1        | 0.031146 | 0.144433  | 0.017097 |
| C11 Performance analytics commentary    | 0.282598 | 0.152387 | 0.208752 | 0.298848 | 0.116713 | 0.061781  | 0.303869 | 0.13496  | 0.082467  | 0.031146 | 1        | 0.192021  | 0.027626 |
| C12 Misinformation injection            | 0.190506 | 0.219103 | 0.096651 | 0.234835 | 0.252554 | -0.059304 | 0.177986 | 0.157952 | 0.49681   | 0.144433 | 0.192021 | 1         | 0.223716 |
| C13 Edge-case / low-support prompts     | 0.197587 | 0.20695  | 0.130409 | 0.043472 | 0.276338 | 0.020021  | 0.085784 | 0.032837 | 0.173405  | 0.017097 | 0.027626 | 0.223716  | 1        |