# Inter-Features Correlation

| Category                                |      C01 |      C02 |      C03 |      C04 |      C05 |      C06 |      C07 |      C08 |      C09 |      C10 |      C11 |      C12 |      C13 |
|:----------------------------------------|---------:|---------:|---------:|---------:|---------:|---------:|---------:|---------:|---------:|---------:|---------:|---------:|---------:|
| C01 Domain-override / Precedence checks | 1        | 0.63295  | 0.589161 | 0.57824  | 0.448408 | 0.391312 | 0.517908 | 0.445466 | 0.397921 | 0.273125 | 0.449311 | 0.518526 | 0.635965 |
| C02 Event-log fact-extraction           | 0.63295  | 1        | 0.441511 | 0.588195 | 0.341422 | 0.410245 | 0.594491 | 0.537223 | 0.26276  | 0.399155 | 0.256928 | 0.5708   | 0.760063 |
| C03 Text to Model reconstruction        | 0.589161 | 0.441511 | 1        | 0.598106 | 0.664221 | 0.267474 | 0.50755  | 0.566936 | 0.39633  | 0.505847 | 0.380973 | 0.538822 | 0.617055 |
| C04 Compliance / Conformance reasoning  | 0.57824  | 0.588195 | 0.598106 | 1        | 0.464718 | 0.332192 | 0.546362 | 0.648943 | 0.398396 | 0.414426 | 0.395764 | 0.626157 | 0.649075 |
| C05 Counterfactual edits                | 0.448408 | 0.341422 | 0.664221 | 0.464718 | 1        | 0.304865 | 0.533472 | 0.525261 | 0.332239 | 0.380167 | 0.415117 | 0.498255 | 0.495504 |
| C06 Multi-process memory interference   | 0.391312 | 0.410245 | 0.267474 | 0.332192 | 0.304865 | 1        | 0.437787 | 0.287856 | 0.421317 | 0.145833 | 0.590628 | 0.372632 | 0.484114 |
| C07 Change-log diffing                  | 0.517908 | 0.594491 | 0.50755  | 0.546362 | 0.533472 | 0.437787 | 1        | 0.59015  | 0.228668 | 0.474191 | 0.429325 | 0.538125 | 0.623957 |
| C08 Temporal / concurrency reasoning    | 0.445466 | 0.537223 | 0.566936 | 0.648943 | 0.525261 | 0.287856 | 0.59015  | 1        | 0.345071 | 0.507105 | 0.233752 | 0.616766 | 0.558646 |
| C09 Unknown-should-remain-unknown       | 0.397921 | 0.26276  | 0.39633  | 0.398396 | 0.332239 | 0.421317 | 0.228668 | 0.345071 | 1        | 0.358425 | 0.292046 | 0.606126 | 0.487838 |
| C10 Domain-synonym enforcement          | 0.273125 | 0.399155 | 0.505847 | 0.414426 | 0.380167 | 0.145833 | 0.474191 | 0.507105 | 0.358425 | 1        | 0.264886 | 0.554278 | 0.523    |
| C11 Performance analytics commentary    | 0.449311 | 0.256928 | 0.380973 | 0.395764 | 0.415117 | 0.590628 | 0.429325 | 0.233752 | 0.292046 | 0.264886 | 1        | 0.384059 | 0.3578   |
| C12 Misinformation injection            | 0.518526 | 0.5708   | 0.538822 | 0.626157 | 0.498255 | 0.372632 | 0.538125 | 0.616766 | 0.606126 | 0.554278 | 0.384059 | 1        | 0.744558 |
| C13 Edge-case / low-support prompts     | 0.635965 | 0.760063 | 0.617055 | 0.649075 | 0.495504 | 0.484114 | 0.623957 | 0.558646 | 0.487838 | 0.523    | 0.3578   | 0.744558 | 1        |