# Inter-Features Correlation

| Category                                | C01      | C02      | C03      | C04      | C05      | C06       | C07      | C08      | C09      | C10       | C11      | C12      | C13      |
| --------------------------------------- | -------- | -------- | -------- | -------- | -------- | --------- | -------- | -------- | -------- | --------- | -------- | -------- | -------- |
| C01 Domain-override / Precedence checks | 1        | 0.355857 | 0.274324 | 0.314033 | 0.334172 | 0.220224  | 0.473042 | 0.292935 | 0.242035 | 0.109065  | 0.374722 | 0.354131 | 0.20329  |
| C02 Event-log fact-extraction           | 0.355857 | 1        | 0.238719 | 0.431271 | 0.295915 | 0.25432   | 0.440615 | 0.514492 | 0.270831 | 0.107171  | 0.25212  | 0.304849 | 0.180042 |
| C03 Text to Model reconstruction        | 0.274324 | 0.238719 | 1        | 0.308175 | 0.250818 | 0.187241  | 0.321094 | 0.235914 | 0.010795 | 0.055788  | 0.281748 | 0.261914 | 0.135555 |
| C04 Compliance / Conformance reasoning  | 0.314033 | 0.431271 | 0.308175 | 1        | 0.565966 | 0.349095  | 0.451436 | 0.606853 | 0.22479  | 0.132191  | 0.382656 | 0.372519 | 0.329596 |
| C05 Counterfactual edits                | 0.334172 | 0.295915 | 0.250818 | 0.565966 | 1        | 0.227244  | 0.347117 | 0.390371 | 0.201489 | 0.170076  | 0.344474 | 0.369955 | 0.406208 |
| C06 Multi-process memory interference   | 0.220224 | 0.25432  | 0.187241 | 0.349095 | 0.227244 | 1         | 0.269252 | 0.351307 | 0.062188 | -0.006943 | 0.299129 | 0.200764 | 0.15079  |
| C07 Change-log diffing                  | 0.473042 | 0.440615 | 0.321094 | 0.451436 | 0.347117 | 0.269252  | 1        | 0.38819  | 0.276614 | 0.06657   | 0.515999 | 0.464299 | 0.19279  |
| C08 Temporal / concurrency reasoning    | 0.292935 | 0.514492 | 0.235914 | 0.606853 | 0.390371 | 0.351307  | 0.38819  | 1        | 0.23273  | 0.044126  | 0.289589 | 0.42826  | 0.251642 |
| C09 Unknown-should-remain-unknown       | 0.242035 | 0.270831 | 0.010795 | 0.22479  | 0.201489 | 0.062188  | 0.276614 | 0.23273  | 1        | 0.040769  | 0.364842 | 0.352243 | 0.20908  |
| C10 Domain-synonym enforcement          | 0.109065 | 0.107171 | 0.055788 | 0.132191 | 0.170076 | -0.006943 | 0.06657  | 0.044126 | 0.040769 | 1         | 0.079013 | 0.120807 | 0.160678 |
| C11 Performance analytics commentary    | 0.374722 | 0.25212  | 0.281748 | 0.382656 | 0.344474 | 0.299129  | 0.515999 | 0.289589 | 0.364842 | 0.079013  | 1        | 0.493822 | 0.288122 |
| C12 Misinformation injection            | 0.354131 | 0.304849 | 0.261914 | 0.372519 | 0.369955 | 0.200764  | 0.464299 | 0.42826  | 0.352243 | 0.120807  | 0.493822 | 1        | 0.390136 |
| C13 Edge-case / low-support prompts     | 0.20329  | 0.180042 | 0.135555 | 0.329596 | 0.406208 | 0.15079   | 0.19279  | 0.251642 | 0.20908  | 0.160678  | 0.288122 | 0.390136 | 1        |