# Inter-Features Correlation

| Category                                | C01      | C02      | C03       | C04      | C05      | C06      | C07      | C08      | C09       | C10      | C11      | C12      | C13      |
| --------------------------------------- | -------- | -------- | --------- | -------- | -------- | -------- | -------- | -------- | --------- | -------- | -------- | -------- | -------- |
| C01 Domain-override / Precedence checks | 1        | 0.270459 | 0.221677  | 0.291469 | 0.356837 | 0.172226 | 0.418105 | 0.250416 | 0.216805  | 0.129317 | 0.338067 | 0.306397 | 0.201246 |
| C02 Event-log fact-extraction           | 0.270459 | 1        | 0.184274  | 0.449131 | 0.337793 | 0.152865 | 0.329394 | 0.511218 | 0.262339  | 0.101823 | 0.204591 | 0.224666 | 0.180032 |
| C03 Text to Model reconstruction        | 0.221677 | 0.184274 | 1         | 0.297622 | 0.291195 | 0.182342 | 0.265604 | 0.228874 | -0.030918 | 0.024816 | 0.263115 | 0.268571 | 0.165528 |
| C04 Compliance / Conformance reasoning  | 0.291469 | 0.449131 | 0.297622  | 1        | 0.568673 | 0.361324 | 0.424157 | 0.59357  | 0.214082  | 0.107154 | 0.360427 | 0.325716 | 0.277674 |
| C05 Counterfactual edits                | 0.356837 | 0.337793 | 0.291195  | 0.568673 | 1        | 0.217603 | 0.364293 | 0.369556 | 0.223497  | 0.172833 | 0.352004 | 0.360331 | 0.385165 |
| C06 Multi-process memory interference   | 0.172226 | 0.152865 | 0.182342  | 0.361324 | 0.217603 | 1        | 0.20553  | 0.294122 | 0.05142   | 0.016524 | 0.265492 | 0.16486  | 0.125353 |
| C07 Change-log diffing                  | 0.418105 | 0.329394 | 0.265604  | 0.424157 | 0.364293 | 0.20553  | 1        | 0.331466 | 0.25258   | 0.067078 | 0.478442 | 0.428808 | 0.154445 |
| C08 Temporal / concurrency reasoning    | 0.250416 | 0.511218 | 0.228874  | 0.59357  | 0.369556 | 0.294122 | 0.331466 | 1        | 0.228123  | 0.049403 | 0.237549 | 0.388491 | 0.173186 |
| C09 Unknown-should-remain-unknown       | 0.216805 | 0.262339 | -0.030918 | 0.214082 | 0.223497 | 0.05142  | 0.25258  | 0.228123 | 1         | 0.054642 | 0.350132 | 0.376988 | 0.2144   |
| C10 Domain-synonym enforcement          | 0.129317 | 0.101823 | 0.024816  | 0.107154 | 0.172833 | 0.016524 | 0.067078 | 0.049403 | 0.054642  | 1        | 0.119405 | 0.101436 | 0.165579 |
| C11 Performance analytics commentary    | 0.338067 | 0.204591 | 0.263115  | 0.360427 | 0.352004 | 0.265492 | 0.478442 | 0.237549 | 0.350132  | 0.119405 | 1        | 0.496108 | 0.257691 |
| C12 Misinformation injection            | 0.306397 | 0.224666 | 0.268571  | 0.325716 | 0.360331 | 0.16486  | 0.428808 | 0.388491 | 0.376988  | 0.101436 | 0.496108 | 1        | 0.361668 |
| C13 Edge-case / low-support prompts     | 0.201246 | 0.180032 | 0.165528  | 0.277674 | 0.385165 | 0.125353 | 0.154445 | 0.173186 | 0.2144    | 0.165579 | 0.257691 | 0.361668 | 1        |