# Inter-Features Correlation

| Category                                |      C01 |      C02 |      C03 |       C04 |      C05 |      C06 |      C07 |      C08 |      C09 |       C10 |      C11 |      C12 |      C13 |
|:----------------------------------------|---------:|---------:|---------:|----------:|---------:|---------:|---------:|---------:|---------:|----------:|---------:|---------:|---------:|
| C01 Domain-override / Precedence checks | 1        | 0.428025 | 0.350611 | 0.453252  | 0.33966  | 0.405732 | 0.397749 | 0.47948  | 0.415084 | 0.174756  | 0.482757 | 0.4308   | 0.454356 |
| C02 Event-log fact-extraction           | 0.428025 | 1        | 0.479987 | 0.609543  | 0.390941 | 0.565807 | 0.59415  | 0.570196 | 0.689896 | 0.268779  | 0.595619 | 0.714552 | 0.602448 |
| C03 Text to Model reconstruction        | 0.350611 | 0.479987 | 1        | 0.385536  | 0.352119 | 0.459436 | 0.410651 | 0.391401 | 0.51044  | 0.318063  | 0.438876 | 0.511044 | 0.418687 |
| C04 Compliance / Conformance reasoning  | 0.453252 | 0.609543 | 0.385536 | 1         | 0.613806 | 0.493728 | 0.480122 | 0.702167 | 0.490879 | 0.0887218 | 0.54984  | 0.614473 | 0.46511  |
| C05 Counterfactual edits                | 0.33966  | 0.390941 | 0.352119 | 0.613806  | 1        | 0.4281   | 0.425507 | 0.490099 | 0.403807 | 0.163427  | 0.508917 | 0.461463 | 0.419135 |
| C06 Multi-process memory interference   | 0.405732 | 0.565807 | 0.459436 | 0.493728  | 0.4281   | 1        | 0.598948 | 0.515808 | 0.628027 | 0.317389  | 0.641781 | 0.583347 | 0.575696 |
| C07 Change-log diffing                  | 0.397749 | 0.59415  | 0.410651 | 0.480122  | 0.425507 | 0.598948 | 1        | 0.474034 | 0.651427 | 0.33086   | 0.630212 | 0.558077 | 0.533293 |
| C08 Temporal / concurrency reasoning    | 0.47948  | 0.570196 | 0.391401 | 0.702167  | 0.490099 | 0.515808 | 0.474034 | 1        | 0.511049 | 0.265184  | 0.573315 | 0.635361 | 0.46654  |
| C09 Unknown-should-remain-unknown       | 0.415084 | 0.689896 | 0.51044  | 0.490879  | 0.403807 | 0.628027 | 0.651427 | 0.511049 | 1        | 0.321703  | 0.637669 | 0.657475 | 0.647138 |
| C10 Domain-synonym enforcement          | 0.174756 | 0.268779 | 0.318063 | 0.0887218 | 0.163427 | 0.317389 | 0.33086  | 0.265184 | 0.321703 | 1         | 0.262603 | 0.310351 | 0.403068 |
| C11 Performance analytics commentary    | 0.482757 | 0.595619 | 0.438876 | 0.54984   | 0.508917 | 0.641781 | 0.630212 | 0.573315 | 0.637669 | 0.262603  | 1        | 0.645426 | 0.553704 |
| C12 Misinformation injection            | 0.4308   | 0.714552 | 0.511044 | 0.614473  | 0.461463 | 0.583347 | 0.558077 | 0.635361 | 0.657475 | 0.310351  | 0.645426 | 1        | 0.635791 |
| C13 Edge-case / low-support prompts     | 0.454356 | 0.602448 | 0.418687 | 0.46511   | 0.419135 | 0.575696 | 0.533293 | 0.46654  | 0.647138 | 0.403068  | 0.553704 | 0.635791 | 1        |