# Inter-Features Correlation

| Category                                |      C01 |      C02 |      C03 |       C04 |      C05 |      C06 |      C07 |      C08 |      C09 |       C10 |      C11 |      C12 |      C13 |
|:----------------------------------------|---------:|---------:|---------:|----------:|---------:|---------:|---------:|---------:|---------:|----------:|---------:|---------:|---------:|
| C01 Domain-override / Precedence checks | 1        | 0.335483 | 0.286312 | 0.395287  | 0.296757 | 0.349803 | 0.31675  | 0.424399 | 0.331254 | 0.149933  | 0.420198 | 0.363968 | 0.425523 |
| C02 Event-log fact-extraction           | 0.335483 | 1        | 0.403668 | 0.547474  | 0.337493 | 0.513248 | 0.485917 | 0.501895 | 0.595288 | 0.219765  | 0.494071 | 0.626196 | 0.600352 |
| C03 Text to Model reconstruction        | 0.286312 | 0.403668 | 1        | 0.320643  | 0.308735 | 0.430984 | 0.328506 | 0.324992 | 0.438899 | 0.295844  | 0.369429 | 0.461819 | 0.389737 |
| C04 Compliance / Conformance reasoning  | 0.395287 | 0.547474 | 0.320643 | 1         | 0.589179 | 0.455686 | 0.400649 | 0.66735  | 0.406223 | 0.0453121 | 0.487174 | 0.573497 | 0.435842 |
| C05 Counterfactual edits                | 0.296757 | 0.337493 | 0.308735 | 0.589179  | 1        | 0.415376 | 0.378846 | 0.455155 | 0.352354 | 0.138691  | 0.474673 | 0.433466 | 0.399345 |
| C06 Multi-process memory interference   | 0.349803 | 0.513248 | 0.430984 | 0.455686  | 0.415376 | 1        | 0.564024 | 0.491156 | 0.615145 | 0.380369  | 0.619021 | 0.560383 | 0.556888 |
| C07 Change-log diffing                  | 0.31675  | 0.485917 | 0.328506 | 0.400649  | 0.378846 | 0.564024 | 1        | 0.390622 | 0.571465 | 0.313568  | 0.563028 | 0.476663 | 0.512535 |
| C08 Temporal / concurrency reasoning    | 0.424399 | 0.501895 | 0.324992 | 0.66735   | 0.455155 | 0.491156 | 0.390622 | 1        | 0.425582 | 0.244026  | 0.51845  | 0.612846 | 0.449263 |
| C09 Unknown-should-remain-unknown       | 0.331254 | 0.595288 | 0.438899 | 0.406223  | 0.352354 | 0.615145 | 0.571465 | 0.425582 | 1        | 0.297835  | 0.569031 | 0.602178 | 0.656274 |
| C10 Domain-synonym enforcement          | 0.149933 | 0.219765 | 0.295844 | 0.0453121 | 0.138691 | 0.380369 | 0.313568 | 0.244026 | 0.297835 | 1         | 0.225509 | 0.255263 | 0.398747 |
| C11 Performance analytics commentary    | 0.420198 | 0.494071 | 0.369429 | 0.487174  | 0.474673 | 0.619021 | 0.563028 | 0.51845  | 0.569031 | 0.225509  | 1        | 0.574268 | 0.522434 |
| C12 Misinformation injection            | 0.363968 | 0.626196 | 0.461819 | 0.573497  | 0.433466 | 0.560383 | 0.476663 | 0.612846 | 0.602178 | 0.255263  | 0.574268 | 1        | 0.618354 |
| C13 Edge-case / low-support prompts     | 0.425523 | 0.600352 | 0.389737 | 0.435842  | 0.399345 | 0.556888 | 0.512535 | 0.449263 | 0.656274 | 0.398747  | 0.522434 | 0.618354 | 1        |