# Inter-Features Correlation

| Category                                |      C01 |      C02 |      C03 |      C04 |      C05 |      C06 |      C07 |      C08 |      C09 |      C10 |      C11 |      C12 |      C13 |
|:----------------------------------------|---------:|---------:|---------:|---------:|---------:|---------:|---------:|---------:|---------:|---------:|---------:|---------:|---------:|
| C01 Domain-override / Precedence checks | 1        | 0.640713 | 0.543247 | 0.466133 | 0.446973 | 0.413992 | 0.484327 | 0.390917 | 0.396994 | 0.265062 | 0.446635 | 0.456971 | 0.573897 |
| C02 Event-log fact-extraction           | 0.640713 | 1        | 0.458839 | 0.587823 | 0.395274 | 0.487804 | 0.595943 | 0.481581 | 0.297183 | 0.423907 | 0.318905 | 0.573637 | 0.706799 |
| C03 Text to Model reconstruction        | 0.543247 | 0.458839 | 1        | 0.503124 | 0.610311 | 0.405872 | 0.473132 | 0.478053 | 0.397542 | 0.516677 | 0.473879 | 0.497726 | 0.565139 |
| C04 Compliance / Conformance reasoning  | 0.466133 | 0.587823 | 0.503124 | 1        | 0.585502 | 0.360178 | 0.538753 | 0.647264 | 0.388687 | 0.389553 | 0.423097 | 0.644972 | 0.598838 |
| C05 Counterfactual edits                | 0.446973 | 0.395274 | 0.610311 | 0.585502 | 1        | 0.333179 | 0.543854 | 0.588755 | 0.282226 | 0.500375 | 0.438076 | 0.461508 | 0.438433 |
| C06 Multi-process memory interference   | 0.413992 | 0.487804 | 0.405872 | 0.360178 | 0.333179 | 1        | 0.424063 | 0.371848 | 0.386026 | 0.218845 | 0.607351 | 0.40265  | 0.380131 |
| C07 Change-log diffing                  | 0.484327 | 0.595943 | 0.473132 | 0.538753 | 0.543854 | 0.424063 | 1        | 0.60823  | 0.269496 | 0.502767 | 0.474274 | 0.571918 | 0.602831 |
| C08 Temporal / concurrency reasoning    | 0.390917 | 0.481581 | 0.478053 | 0.647264 | 0.588755 | 0.371848 | 0.60823  | 1        | 0.360484 | 0.51599  | 0.321896 | 0.62402  | 0.493487 |
| C09 Unknown-should-remain-unknown       | 0.396994 | 0.297183 | 0.397542 | 0.388687 | 0.282226 | 0.386026 | 0.269496 | 0.360484 | 1        | 0.40803  | 0.315716 | 0.62188  | 0.492281 |
| C10 Domain-synonym enforcement          | 0.265062 | 0.423907 | 0.516677 | 0.389553 | 0.500375 | 0.218845 | 0.502767 | 0.51599  | 0.40803  | 1        | 0.338895 | 0.492546 | 0.491047 |
| C11 Performance analytics commentary    | 0.446635 | 0.318905 | 0.473879 | 0.423097 | 0.438076 | 0.607351 | 0.474274 | 0.321896 | 0.315716 | 0.338895 | 1        | 0.382696 | 0.358154 |
| C12 Misinformation injection            | 0.456971 | 0.573637 | 0.497726 | 0.644972 | 0.461508 | 0.40265  | 0.571918 | 0.62402  | 0.62188  | 0.492546 | 0.382696 | 1        | 0.72927  |
| C13 Edge-case / low-support prompts     | 0.573897 | 0.706799 | 0.565139 | 0.598838 | 0.438433 | 0.380131 | 0.602831 | 0.493487 | 0.492281 | 0.491047 | 0.358154 | 0.72927  | 1        |