# Inter-Features Correlation

| Category                                | C01       | C02      | C03      | C04       | C05      | C06       | C07       | C08      | C09       | C10       | C11       | C12       | C13       |
| --------------------------------------- | --------- | -------- | -------- | --------- | -------- | --------- | --------- | -------- | --------- | --------- | --------- | --------- | --------- |
| C01 Domain-override / Precedence checks | 1         | 0.307643 | 0.279396 | 0.3339    | 0.337374 | 0.136098  | 0.132763  | 0.272567 | 0.198574  | -0.028523 | 0.420836  | 0.353998  | 0.158819  |
| C02 Event-log fact-extraction           | 0.307643  | 1        | 0.13646  | 0.499473  | 0.375179 | 0.011609  | 0.205015  | 0.496342 | 0.543776  | 0.067591  | 0.31962   | 0.314517  | 0.411002  |
| C03 Text to Model reconstruction        | 0.279396  | 0.13646  | 1        | 0.136715  | 0.205023 | 0.093523  | 0.072765  | 0.133043 | 0.054795  | 0.096865  | 0.189852  | 0.117456  | 0.126417  |
| C04 Compliance / Conformance reasoning  | 0.3339    | 0.499473 | 0.136715 | 1         | 0.52944  | 0.296975  | 0.308699  | 0.701093 | 0.27817   | -0.033984 | 0.341614  | 0.363267  | 0.272872  |
| C05 Counterfactual edits                | 0.337374  | 0.375179 | 0.205023 | 0.52944   | 1        | 0.113113  | 0.207207  | 0.414831 | 0.190213  | 0.088717  | 0.344829  | 0.343357  | 0.311147  |
| C06 Multi-process memory interference   | 0.136098  | 0.011609 | 0.093523 | 0.296975  | 0.113113 | 1         | 0.128116  | 0.149799 | -0.060362 | 0.01466   | 0.245954  | 0.04144   | -0.007904 |
| C07 Change-log diffing                  | 0.132763  | 0.205015 | 0.072765 | 0.308699  | 0.207207 | 0.128116  | 1         | 0.125686 | 0.392866  | -0.011589 | 0.305092  | 0.243119  | 0.156731  |
| C08 Temporal / concurrency reasoning    | 0.272567  | 0.496342 | 0.133043 | 0.701093  | 0.414831 | 0.149799  | 0.125686  | 1        | 0.260016  | 0.066223  | 0.254392  | 0.282393  | 0.246535  |
| C09 Unknown-should-remain-unknown       | 0.198574  | 0.543776 | 0.054795 | 0.27817   | 0.190213 | -0.060362 | 0.392866  | 0.260016 | 1         | -0.053331 | 0.392342  | 0.515524  | 0.356273  |
| C10 Domain-synonym enforcement          | -0.028523 | 0.067591 | 0.096865 | -0.033984 | 0.088717 | 0.01466   | -0.011589 | 0.066223 | -0.053331 | 1         | -0.143327 | -0.143993 | 0.227265  |
| C11 Performance analytics commentary    | 0.420836  | 0.31962  | 0.189852 | 0.341614  | 0.344829 | 0.245954  | 0.305092  | 0.254392 | 0.392342  | -0.143327 | 1         | 0.393178  | 0.030036  |
| C12 Misinformation injection            | 0.353998  | 0.314517 | 0.117456 | 0.363267  | 0.343357 | 0.04144   | 0.243119  | 0.282393 | 0.515524  | -0.143993 | 0.393178  | 1         | 0.285934  |
| C13 Edge-case / low-support prompts     | 0.158819  | 0.411002 | 0.126417 | 0.272872  | 0.311147 | -0.007904 | 0.156731  | 0.246535 | 0.356273  | 0.227265  | 0.030036  | 0.285934  | 1         |