# Inter-Features Correlation

| Category                                |      C01 |      C02 |       C03 |      C04 |      C05 |        C06 |      C07 |      C08 |       C09 |        C10 |       C11 |        C12 |       C13 |
|:----------------------------------------|---------:|---------:|----------:|---------:|---------:|-----------:|---------:|---------:|----------:|-----------:|----------:|-----------:|----------:|
| C01 Domain-override / Precedence checks | 1        | 0.776209 | 0.558163  | 0.602487 | 0.446727 |  0.263944  | 0.513859 | 0.436838 | 0.325827  |  0.178189  | 0.368893  |  0.510767  | 0.705121  |
| C02 Event-log fact-extraction           | 0.776209 | 1        | 0.418819  | 0.532632 | 0.255963 |  0.231001  | 0.59236  | 0.471658 | 0.152966  |  0.327663  | 0.325206  |  0.479893  | 0.705689  |
| C03 Text to Model reconstruction        | 0.558163 | 0.418819 | 1         | 0.542524 | 0.644378 |  0.0392056 | 0.425183 | 0.473604 | 0.287255  |  0.363217  | 0.288556  |  0.385433  | 0.572802  |
| C04 Compliance / Conformance reasoning  | 0.602487 | 0.532632 | 0.542524  | 1        | 0.486468 |  0.149221  | 0.531987 | 0.58326  | 0.225744  |  0.330113  | 0.486171  |  0.57267   | 0.60856   |
| C05 Counterfactual edits                | 0.446727 | 0.255963 | 0.644378  | 0.486468 | 1        |  0.150088  | 0.483995 | 0.450616 | 0.208739  |  0.223767  | 0.421012  |  0.317118  | 0.485091  |
| C06 Multi-process memory interference   | 0.263944 | 0.231001 | 0.0392056 | 0.149221 | 0.150088 |  1         | 0.395508 | 0.159519 | 0.0583769 | -0.21073   | 0.562809  | -0.0371082 | 0.0912784 |
| C07 Change-log diffing                  | 0.513859 | 0.59236  | 0.425183  | 0.531987 | 0.483995 |  0.395508  | 1        | 0.518653 | 0.203534  |  0.28521   | 0.401521  |  0.42665   | 0.635777  |
| C08 Temporal / concurrency reasoning    | 0.436838 | 0.471658 | 0.473604  | 0.58326  | 0.450616 |  0.159519  | 0.518653 | 1        | 0.253308  |  0.396396  | 0.258348  |  0.481634  | 0.476132  |
| C09 Unknown-should-remain-unknown       | 0.325827 | 0.152966 | 0.287255  | 0.225744 | 0.208739 |  0.0583769 | 0.203534 | 0.253308 | 1         |  0.107098  | 0.198731  |  0.279987  | 0.270898  |
| C10 Domain-synonym enforcement          | 0.178189 | 0.327663 | 0.363217  | 0.330113 | 0.223767 | -0.21073   | 0.28521  | 0.396396 | 0.107098  |  1         | 0.0436173 |  0.320216  | 0.337685  |
| C11 Performance analytics commentary    | 0.368893 | 0.325206 | 0.288556  | 0.486171 | 0.421012 |  0.562809  | 0.401521 | 0.258348 | 0.198731  |  0.0436173 | 1         |  0.360295  | 0.28867   |
| C12 Misinformation injection            | 0.510767 | 0.479893 | 0.385433  | 0.57267  | 0.317118 | -0.0371082 | 0.42665  | 0.481634 | 0.279987  |  0.320216  | 0.360295  |  1         | 0.627173  |
| C13 Edge-case / low-support prompts     | 0.705121 | 0.705689 | 0.572802  | 0.60856  | 0.485091 |  0.0912784 | 0.635777 | 0.476132 | 0.270898  |  0.337685  | 0.28867   |  0.627173  | 1         |