# Inter-Features Correlation

| Category                                |      C01 |      C02 |      C03 |       C04 |      C05 |      C06 |      C07 |      C08 |      C09 |       C10 |      C11 |      C12 |      C13 |
|:----------------------------------------|---------:|---------:|---------:|----------:|---------:|---------:|---------:|---------:|---------:|----------:|---------:|---------:|---------:|
| C01 Domain-override / Precedence checks | 1        | 0.357589 | 0.320891 | 0.407908  | 0.309424 | 0.35402  | 0.318518 | 0.437832 | 0.332458 | 0.154082  | 0.426288 | 0.38998  | 0.427026 |
| C02 Event-log fact-extraction           | 0.357589 | 1        | 0.388262 | 0.535234  | 0.337019 | 0.512333 | 0.495736 | 0.486368 | 0.612498 | 0.218551  | 0.497813 | 0.606171 | 0.62657  |
| C03 Text to Model reconstruction        | 0.320891 | 0.388262 | 1        | 0.333134  | 0.29546  | 0.441221 | 0.343911 | 0.320819 | 0.454517 | 0.295812  | 0.370659 | 0.449476 | 0.407721 |
| C04 Compliance / Conformance reasoning  | 0.407908 | 0.535234 | 0.333134 | 1         | 0.60635  | 0.449656 | 0.398406 | 0.662576 | 0.418079 | 0.0427609 | 0.495966 | 0.563    | 0.455856 |
| C05 Counterfactual edits                | 0.309424 | 0.337019 | 0.29546  | 0.60635   | 1        | 0.41573  | 0.376871 | 0.463346 | 0.353323 | 0.134146  | 0.47483  | 0.440393 | 0.399953 |
| C06 Multi-process memory interference   | 0.35402  | 0.512333 | 0.441221 | 0.449656  | 0.41573  | 1        | 0.562113 | 0.488989 | 0.617593 | 0.379873  | 0.619957 | 0.563581 | 0.561884 |
| C07 Change-log diffing                  | 0.318518 | 0.495736 | 0.343911 | 0.398406  | 0.376871 | 0.562113 | 1        | 0.396691 | 0.57308  | 0.313541  | 0.566676 | 0.491246 | 0.513368 |
| C08 Temporal / concurrency reasoning    | 0.437832 | 0.486368 | 0.320819 | 0.662576  | 0.463346 | 0.488989 | 0.396691 | 1        | 0.434134 | 0.24449   | 0.520787 | 0.600434 | 0.465734 |
| C09 Unknown-should-remain-unknown       | 0.332458 | 0.612498 | 0.454517 | 0.418079  | 0.353323 | 0.617593 | 0.57308  | 0.434134 | 1        | 0.297799  | 0.570028 | 0.623891 | 0.656226 |
| C10 Domain-synonym enforcement          | 0.154082 | 0.218551 | 0.295812 | 0.0427609 | 0.134146 | 0.379873 | 0.313541 | 0.24449  | 0.297799 | 1         | 0.224034 | 0.256468 | 0.3998   |
| C11 Performance analytics commentary    | 0.426288 | 0.497813 | 0.370659 | 0.495966  | 0.47483  | 0.619957 | 0.566676 | 0.520787 | 0.570028 | 0.224034  | 1        | 0.582584 | 0.525357 |
| C12 Misinformation injection            | 0.38998  | 0.606171 | 0.449476 | 0.563     | 0.440393 | 0.563581 | 0.491246 | 0.600434 | 0.623891 | 0.256468  | 0.582584 | 1        | 0.651028 |
| C13 Edge-case / low-support prompts     | 0.427026 | 0.62657  | 0.407721 | 0.455856  | 0.399953 | 0.561884 | 0.513368 | 0.465734 | 0.656226 | 0.3998    | 0.525357 | 0.651028 | 1        |