# Inter-Features Correlation

| Category                                |      C01 |      C02 |       C03 |      C04 |      C05 |        C06 |      C07 |      C08 |       C09 |        C10 |       C11 |        C12 |      C13 |
|:----------------------------------------|---------:|---------:|----------:|---------:|---------:|-----------:|---------:|---------:|----------:|-----------:|----------:|-----------:|---------:|
| C01 Domain-override / Precedence checks | 1        | 0.796765 | 0.560719  | 0.624454 | 0.450195 |  0.264257  | 0.531132 | 0.438218 | 0.335939  |  0.197949  | 0.399577  |  0.51835   | 0.71173  |
| C02 Event-log fact-extraction           | 0.796765 | 1        | 0.458321  | 0.604127 | 0.302336 |  0.274901  | 0.574955 | 0.497249 | 0.165758  |  0.308908  | 0.428213  |  0.468508  | 0.705678 |
| C03 Text to Model reconstruction        | 0.560719 | 0.458321 | 1         | 0.556157 | 0.637196 |  0.0172448 | 0.466375 | 0.476142 | 0.30644   |  0.44215   | 0.293649  |  0.411378  | 0.591668 |
| C04 Compliance / Conformance reasoning  | 0.624454 | 0.604127 | 0.556157  | 1        | 0.482458 |  0.126099  | 0.618526 | 0.579383 | 0.179656  |  0.344803  | 0.422417  |  0.613785  | 0.670123 |
| C05 Counterfactual edits                | 0.450195 | 0.302336 | 0.637196  | 0.482458 | 1        |  0.123338  | 0.543019 | 0.449205 | 0.214895  |  0.291779  | 0.415335  |  0.348114  | 0.512948 |
| C06 Multi-process memory interference   | 0.264257 | 0.274901 | 0.0172448 | 0.126099 | 0.123338 |  1         | 0.449098 | 0.151838 | 0.0572443 | -0.186399  | 0.575205  | -0.0159518 | 0.109551 |
| C07 Change-log diffing                  | 0.531132 | 0.574955 | 0.466375  | 0.618526 | 0.543019 |  0.449098  | 1        | 0.552391 | 0.231806  |  0.274474  | 0.535288  |  0.415985  | 0.632171 |
| C08 Temporal / concurrency reasoning    | 0.438218 | 0.497249 | 0.476142  | 0.579383 | 0.449205 |  0.151838  | 0.552391 | 1        | 0.2387    |  0.418376  | 0.235822  |  0.492431  | 0.493573 |
| C09 Unknown-should-remain-unknown       | 0.335939 | 0.165758 | 0.30644   | 0.179656 | 0.214895 |  0.0572443 | 0.231806 | 0.2387   | 1         |  0.0441723 | 0.131649  |  0.281342  | 0.299424 |
| C10 Domain-synonym enforcement          | 0.197949 | 0.308908 | 0.44215   | 0.344803 | 0.291779 | -0.186399  | 0.274474 | 0.418376 | 0.0441723 |  1         | 0.0221025 |  0.300178  | 0.362821 |
| C11 Performance analytics commentary    | 0.399577 | 0.428213 | 0.293649  | 0.422417 | 0.415335 |  0.575205  | 0.535288 | 0.235822 | 0.131649  |  0.0221025 | 1         |  0.421551  | 0.369905 |
| C12 Misinformation injection            | 0.51835  | 0.468508 | 0.411378  | 0.613785 | 0.348114 | -0.0159518 | 0.415985 | 0.492431 | 0.281342  |  0.300178  | 0.421551  |  1         | 0.62839  |
| C13 Edge-case / low-support prompts     | 0.71173  | 0.705678 | 0.591668  | 0.670123 | 0.512948 |  0.109551  | 0.632171 | 0.493573 | 0.299424  |  0.362821  | 0.369905  |  0.62839   | 1        |