# Inter-Features Correlation

| Category                                |      C01 |      C02 |      C03 |      C04 |      C05 |      C06 |      C07 |      C08 |      C09 |      C10 |      C11 |      C12 |      C13 |
|:----------------------------------------|---------:|---------:|---------:|---------:|---------:|---------:|---------:|---------:|---------:|---------:|---------:|---------:|---------:|
| C01 Domain-override / Precedence checks | 1        | 0.664607 | 0.583264 | 0.607242 | 0.445933 | 0.385029 | 0.497497 | 0.463964 | 0.428953 | 0.248535 | 0.410226 | 0.538723 | 0.653439 |
| C02 Event-log fact-extraction           | 0.664607 | 1        | 0.453575 | 0.585804 | 0.348048 | 0.418714 | 0.624978 | 0.536043 | 0.256995 | 0.41891  | 0.339322 | 0.569732 | 0.761057 |
| C03 Text to Model reconstruction        | 0.583264 | 0.453575 | 1        | 0.61072  | 0.662639 | 0.261758 | 0.499481 | 0.574955 | 0.410938 | 0.49821  | 0.380296 | 0.546713 | 0.622544 |
| C04 Compliance / Conformance reasoning  | 0.607242 | 0.585804 | 0.61072  | 1        | 0.471451 | 0.339656 | 0.574385 | 0.648173 | 0.394099 | 0.433394 | 0.495702 | 0.625285 | 0.649544 |
| C05 Counterfactual edits                | 0.445933 | 0.348048 | 0.662639 | 0.471451 | 1        | 0.301617 | 0.532902 | 0.529357 | 0.340737 | 0.37581  | 0.441726 | 0.50231  | 0.497737 |
| C06 Multi-process memory interference   | 0.385029 | 0.418714 | 0.261758 | 0.339656 | 0.301617 | 1        | 0.432605 | 0.292149 | 0.432229 | 0.135672 | 0.636005 | 0.377282 | 0.487054 |
| C07 Change-log diffing                  | 0.497497 | 0.624978 | 0.499481 | 0.574385 | 0.532902 | 0.432605 | 1        | 0.611636 | 0.255098 | 0.456709 | 0.3874   | 0.558573 | 0.641004 |
| C08 Temporal / concurrency reasoning    | 0.463964 | 0.536043 | 0.574955 | 0.648173 | 0.529357 | 0.292149 | 0.611636 | 1        | 0.342882 | 0.521431 | 0.291532 | 0.616077 | 0.558438 |
| C09 Unknown-should-remain-unknown       | 0.428953 | 0.256995 | 0.410938 | 0.394099 | 0.340737 | 0.432229 | 0.255098 | 0.342882 | 1        | 0.381636 | 0.391977 | 0.60544  | 0.488443 |
| C10 Domain-synonym enforcement          | 0.248535 | 0.41891  | 0.49821  | 0.433394 | 0.37581  | 0.135672 | 0.456709 | 0.521431 | 0.381636 | 1        | 0.215141 | 0.569365 | 0.533374 |
| C11 Performance analytics commentary    | 0.410226 | 0.339322 | 0.380296 | 0.495702 | 0.441726 | 0.636005 | 0.3874   | 0.291532 | 0.391977 | 0.215141 | 1        | 0.464078 | 0.42059  |
| C12 Misinformation injection            | 0.538723 | 0.569732 | 0.546713 | 0.625285 | 0.50231  | 0.377282 | 0.558573 | 0.616077 | 0.60544  | 0.569365 | 0.464078 | 1        | 0.744554 |
| C13 Edge-case / low-support prompts     | 0.653439 | 0.761057 | 0.622544 | 0.649544 | 0.497737 | 0.487054 | 0.641004 | 0.558438 | 0.488443 | 0.533374 | 0.42059  | 0.744554 | 1        |