# Inter-Features Correlation

| Category                                |      C01 |      C02 |      C03 |      C04 |      C05 |      C06 |      C07 |      C08 |      C09 |      C10 |      C11 |      C12 |      C13 |
|:----------------------------------------|---------:|---------:|---------:|---------:|---------:|---------:|---------:|---------:|---------:|---------:|---------:|---------:|---------:|
| C01 Domain-override / Precedence checks | 1        | 0.53075  | 0.38791  | 0.507706 | 0.375787 | 0.379401 | 0.475252 | 0.494515 | 0.482321 | 0.273955 | 0.554987 | 0.514664 | 0.471553 |
| C02 Event-log fact-extraction           | 0.53075  | 1        | 0.482924 | 0.662009 | 0.470131 | 0.551845 | 0.644383 | 0.644702 | 0.71426  | 0.310292 | 0.652709 | 0.748419 | 0.625992 |
| C03 Text to Model reconstruction        | 0.38791  | 0.482924 | 1        | 0.383447 | 0.363243 | 0.371782 | 0.443009 | 0.375487 | 0.495467 | 0.376637 | 0.43946  | 0.502623 | 0.403758 |
| C04 Compliance / Conformance reasoning  | 0.507706 | 0.662009 | 0.383447 | 1        | 0.63041  | 0.49133  | 0.560678 | 0.728882 | 0.540727 | 0.130945 | 0.620666 | 0.654664 | 0.498103 |
| C05 Counterfactual edits                | 0.375787 | 0.470131 | 0.363243 | 0.63041  | 1        | 0.400232 | 0.485232 | 0.539755 | 0.378762 | 0.26401  | 0.498749 | 0.479409 | 0.432512 |
| C06 Multi-process memory interference   | 0.379401 | 0.551845 | 0.371782 | 0.49133  | 0.400232 | 1        | 0.526609 | 0.519558 | 0.59726  | 0.23924  | 0.583267 | 0.579065 | 0.500497 |
| C07 Change-log diffing                  | 0.475252 | 0.644383 | 0.443009 | 0.560678 | 0.485232 | 0.526609 | 1        | 0.53125  | 0.723397 | 0.380477 | 0.688874 | 0.674952 | 0.543602 |
| C08 Temporal / concurrency reasoning    | 0.494515 | 0.644702 | 0.375487 | 0.728882 | 0.539755 | 0.519558 | 0.53125  | 1        | 0.520235 | 0.309311 | 0.602237 | 0.632768 | 0.509396 |
| C09 Unknown-should-remain-unknown       | 0.482321 | 0.71426  | 0.495467 | 0.540727 | 0.378762 | 0.59726  | 0.723397 | 0.520235 | 1        | 0.39681  | 0.693458 | 0.708346 | 0.621405 |
| C10 Domain-synonym enforcement          | 0.273955 | 0.310292 | 0.376637 | 0.130945 | 0.26401  | 0.23924  | 0.380477 | 0.309311 | 0.39681  | 1        | 0.338911 | 0.337028 | 0.340301 |
| C11 Performance analytics commentary    | 0.554987 | 0.652709 | 0.43946  | 0.620666 | 0.498749 | 0.583267 | 0.688874 | 0.602237 | 0.693458 | 0.338911 | 1        | 0.734928 | 0.554764 |
| C12 Misinformation injection            | 0.514664 | 0.748419 | 0.502623 | 0.654664 | 0.479409 | 0.579065 | 0.674952 | 0.632768 | 0.708346 | 0.337028 | 0.734928 | 1        | 0.613916 |
| C13 Edge-case / low-support prompts     | 0.471553 | 0.625992 | 0.403758 | 0.498103 | 0.432512 | 0.500497 | 0.543602 | 0.509396 | 0.621405 | 0.340301 | 0.554764 | 0.613916 | 1        |