# Inter-Features Correlation

| Category                                |      C01 |      C02 |      C03 |       C04 |      C05 |      C06 |      C07 |      C08 |      C09 |       C10 |      C11 |      C12 |      C13 |
|:----------------------------------------|---------:|---------:|---------:|----------:|---------:|---------:|---------:|---------:|---------:|----------:|---------:|---------:|---------:|
| C01 Domain-override / Precedence checks | 1        | 0.426734 | 0.351159 | 0.452927  | 0.340531 | 0.407776 | 0.398188 | 0.481152 | 0.412056 | 0.175446  | 0.474656 | 0.431536 | 0.44561  |
| C02 Event-log fact-extraction           | 0.426734 | 1        | 0.479502 | 0.609401  | 0.390297 | 0.563007 | 0.593654 | 0.567687 | 0.689814 | 0.268415  | 0.593961 | 0.713723 | 0.600332 |
| C03 Text to Model reconstruction        | 0.351159 | 0.479502 | 1        | 0.385541  | 0.352513 | 0.45964  | 0.410909 | 0.391852 | 0.508896 | 0.31834   | 0.434281 | 0.511336 | 0.413639 |
| C04 Compliance / Conformance reasoning  | 0.452927 | 0.609401 | 0.385541 | 1         | 0.613672 | 0.492659 | 0.480109 | 0.700755 | 0.490207 | 0.0887907 | 0.546489 | 0.614334 | 0.461743 |
| C05 Counterfactual edits                | 0.340531 | 0.390297 | 0.352513 | 0.613672  | 1        | 0.428892 | 0.425831 | 0.490725 | 0.401979 | 0.163882  | 0.503062 | 0.461923 | 0.41316  |
| C06 Multi-process memory interference   | 0.407776 | 0.563007 | 0.45964  | 0.492659  | 0.428892 | 1        | 0.598659 | 0.518353 | 0.622348 | 0.317865  | 0.628894 | 0.583652 | 0.562179 |
| C07 Change-log diffing                  | 0.398188 | 0.593654 | 0.410909 | 0.480109  | 0.425831 | 0.598659 | 1        | 0.474202 | 0.649776 | 0.331119  | 0.624689 | 0.558319 | 0.527639 |
| C08 Temporal / concurrency reasoning    | 0.481152 | 0.567687 | 0.391852 | 0.700755  | 0.490725 | 0.518353 | 0.474202 | 1        | 0.50625  | 0.265819  | 0.561754 | 0.635586 | 0.454781 |
| C09 Unknown-should-remain-unknown       | 0.412056 | 0.689814 | 0.508896 | 0.490207  | 0.401979 | 0.622348 | 0.649776 | 0.50625  | 1        | 0.320505  | 0.63819  | 0.655277 | 0.647383 |
| C10 Domain-synonym enforcement          | 0.175446 | 0.268415 | 0.31834  | 0.0887907 | 0.163882 | 0.317865 | 0.331119 | 0.265819 | 0.320505 | 1         | 0.25923  | 0.310721 | 0.398404 |
| C11 Performance analytics commentary    | 0.474656 | 0.593961 | 0.434281 | 0.546489  | 0.503062 | 0.628894 | 0.624689 | 0.561754 | 0.63819  | 0.25923   | 1        | 0.638758 | 0.55874  |
| C12 Misinformation injection            | 0.431536 | 0.713723 | 0.511336 | 0.614334  | 0.461923 | 0.583652 | 0.558319 | 0.635586 | 0.655277 | 0.310721  | 0.638758 | 1        | 0.628349 |
| C13 Edge-case / low-support prompts     | 0.44561  | 0.600332 | 0.413639 | 0.461743  | 0.41316  | 0.562179 | 0.527639 | 0.454781 | 0.647383 | 0.398404  | 0.55874  | 0.628349 | 1        |