# Inter-Features Correlation

| Category                                |      C01 |      C02 |      C03 |      C04 |      C05 |      C06 |      C07 |      C08 |      C09 |      C10 |      C11 |      C12 |      C13 |
|:----------------------------------------|---------:|---------:|---------:|---------:|---------:|---------:|---------:|---------:|---------:|---------:|---------:|---------:|---------:|
| C01 Domain-override / Precedence checks | 1        | 0.615125 | 0.503927 | 0.451152 | 0.456817 | 0.456831 | 0.448465 | 0.342711 | 0.38742  | 0.265895 | 0.428021 | 0.447703 | 0.555094 |
| C02 Event-log fact-extraction           | 0.615125 | 1        | 0.459962 | 0.587831 | 0.388853 | 0.44418  | 0.596413 | 0.481441 | 0.296848 | 0.422053 | 0.319658 | 0.572758 | 0.706831 |
| C03 Text to Model reconstruction        | 0.503927 | 0.459962 | 1        | 0.501823 | 0.593404 | 0.344214 | 0.478022 | 0.485195 | 0.395232 | 0.510339 | 0.474297 | 0.494056 | 0.563918 |
| C04 Compliance / Conformance reasoning  | 0.451152 | 0.587831 | 0.501823 | 1        | 0.580884 | 0.333452 | 0.537512 | 0.641837 | 0.388613 | 0.388856 | 0.423246 | 0.644733 | 0.598915 |
| C05 Counterfactual edits                | 0.456817 | 0.388853 | 0.593404 | 0.580884 | 1        | 0.347329 | 0.528596 | 0.56322  | 0.281006 | 0.500954 | 0.432277 | 0.46014  | 0.434166 |
| C06 Multi-process memory interference   | 0.456831 | 0.44418  | 0.344214 | 0.333452 | 0.347329 | 1        | 0.363509 | 0.29311  | 0.363191 | 0.217195 | 0.558932 | 0.381659 | 0.350649 |
| C07 Change-log diffing                  | 0.448465 | 0.596413 | 0.478022 | 0.537512 | 0.528596 | 0.363509 | 1        | 0.612734 | 0.268    | 0.497009 | 0.474786 | 0.568279 | 0.601669 |
| C08 Temporal / concurrency reasoning    | 0.342711 | 0.481441 | 0.485195 | 0.641837 | 0.56322  | 0.29311  | 0.612734 | 1        | 0.355956 | 0.504733 | 0.322624 | 0.615263 | 0.490397 |
| C09 Unknown-should-remain-unknown       | 0.38742  | 0.296848 | 0.395232 | 0.388613 | 0.281006 | 0.363191 | 0.268    | 0.355956 | 1        | 0.407898 | 0.315471 | 0.621873 | 0.492153 |
| C10 Domain-synonym enforcement          | 0.265895 | 0.422053 | 0.510339 | 0.388856 | 0.500954 | 0.217195 | 0.497009 | 0.504733 | 0.407898 | 1        | 0.337495 | 0.492622 | 0.490099 |
| C11 Performance analytics commentary    | 0.428021 | 0.319658 | 0.474297 | 0.423246 | 0.432277 | 0.558932 | 0.474786 | 0.322624 | 0.315471 | 0.337495 | 1        | 0.382147 | 0.358444 |
| C12 Misinformation injection            | 0.447703 | 0.572758 | 0.494056 | 0.644733 | 0.46014  | 0.381659 | 0.568279 | 0.615263 | 0.621873 | 0.492622 | 0.382147 | 1        | 0.728922 |
| C13 Edge-case / low-support prompts     | 0.555094 | 0.706831 | 0.563918 | 0.598915 | 0.434166 | 0.350649 | 0.601669 | 0.490397 | 0.492153 | 0.490099 | 0.358444 | 0.728922 | 1        |