# Inter-Features Correlation

| Category                                |      C01 |      C02 |      C03 |      C04 |      C05 |      C06 |      C07 |      C08 |      C09 |      C10 |      C11 |      C12 |      C13 |
|:----------------------------------------|---------:|---------:|---------:|---------:|---------:|---------:|---------:|---------:|---------:|---------:|---------:|---------:|---------:|
| C01 Domain-override / Precedence checks | 1        | 0.42732  | 0.351266 | 0.441684 | 0.33983  | 0.418978 | 0.431206 | 0.451476 | 0.454352 | 0.221121 | 0.495641 | 0.459306 | 0.412502 |
| C02 Event-log fact-extraction           | 0.42732  | 1        | 0.449844 | 0.624402 | 0.431714 | 0.566122 | 0.584175 | 0.595803 | 0.681643 | 0.279849 | 0.58208  | 0.707387 | 0.582988 |
| C03 Text to Model reconstruction        | 0.351266 | 0.449844 | 1        | 0.390222 | 0.325823 | 0.427433 | 0.414727 | 0.3483   | 0.516982 | 0.287078 | 0.443513 | 0.518995 | 0.382099 |
| C04 Compliance / Conformance reasoning  | 0.441684 | 0.624402 | 0.390222 | 1        | 0.650109 | 0.485099 | 0.517398 | 0.683448 | 0.483978 | 0.111748 | 0.576538 | 0.609318 | 0.457303 |
| C05 Counterfactual edits                | 0.33983  | 0.431714 | 0.325823 | 0.650109 | 1        | 0.429415 | 0.440858 | 0.542685 | 0.364283 | 0.206294 | 0.487303 | 0.451625 | 0.410399 |
| C06 Multi-process memory interference   | 0.418978 | 0.566122 | 0.427433 | 0.485099 | 0.429415 | 1        | 0.590752 | 0.532459 | 0.634256 | 0.288379 | 0.620794 | 0.58247  | 0.526316 |
| C07 Change-log diffing                  | 0.431206 | 0.584175 | 0.414727 | 0.517398 | 0.440858 | 0.590752 | 1        | 0.478093 | 0.694212 | 0.34684  | 0.65049  | 0.614246 | 0.487429 |
| C08 Temporal / concurrency reasoning    | 0.451476 | 0.595803 | 0.3483   | 0.683448 | 0.542685 | 0.532459 | 0.478093 | 1        | 0.478426 | 0.282449 | 0.568751 | 0.595389 | 0.459611 |
| C09 Unknown-should-remain-unknown       | 0.454352 | 0.681643 | 0.516982 | 0.483978 | 0.364283 | 0.634256 | 0.694212 | 0.478426 | 1        | 0.386487 | 0.661003 | 0.687896 | 0.586628 |
| C10 Domain-synonym enforcement          | 0.221121 | 0.279849 | 0.287078 | 0.111748 | 0.206294 | 0.288379 | 0.34684  | 0.282449 | 0.386487 | 1        | 0.277478 | 0.316198 | 0.341837 |
| C11 Performance analytics commentary    | 0.495641 | 0.58208  | 0.443513 | 0.576538 | 0.487303 | 0.620794 | 0.65049  | 0.568751 | 0.661003 | 0.277478 | 1        | 0.691624 | 0.520229 |
| C12 Misinformation injection            | 0.459306 | 0.707387 | 0.518995 | 0.609318 | 0.451625 | 0.58247  | 0.614246 | 0.595389 | 0.687896 | 0.316198 | 0.691624 | 1        | 0.571746 |
| C13 Edge-case / low-support prompts     | 0.412502 | 0.582988 | 0.382099 | 0.457303 | 0.410399 | 0.526316 | 0.487429 | 0.459611 | 0.586628 | 0.341837 | 0.520229 | 0.571746 | 1        |