# Inter-Features Correlation

| Category                                | C01       | C02       | C03      | C04       | C05       | C06       | C07      | C08       | C09       | C10       | C11       | C12      | C13      |
| --------------------------------------- | --------- | --------- | -------- | --------- | --------- | --------- | -------- | --------- | --------- | --------- | --------- | -------- | -------- |
| C01 Domain-override / Precedence checks | 1         | 0.246903  | 0.181535 | 0.286099  | 0.252959  | 0.10625   | 0.145348 | 0.204211  | 0.120737  | -0.054097 | 0.292194  | 0.276879 | 0.177087 |
| C02 Event-log fact-extraction           | 0.246903  | 1         | 0.05499  | 0.491858  | 0.291749  | 0.145811  | 0.12892  | 0.463545  | 0.32112   | -0.055526 | 0.268055  | 0.344592 | 0.212828 |
| C03 Text to Model reconstruction        | 0.181535  | 0.05499   | 1        | 0.117907  | 0.210079  | 0.003096  | 0.075466 | 0.057761  | 0.096714  | 0.046404  | 0.097196  | 0.101539 | 0.113257 |
| C04 Compliance / Conformance reasoning  | 0.286099  | 0.491858  | 0.117907 | 1         | 0.478189  | 0.254632  | 0.322572 | 0.590078  | 0.161817  | -0.183295 | 0.372854  | 0.423174 | 0.196851 |
| C05 Counterfactual edits                | 0.252959  | 0.291749  | 0.210079 | 0.478189  | 1         | 0.168197  | 0.282933 | 0.359456  | 0.151983  | -0.001311 | 0.321868  | 0.34965  | 0.318447 |
| C06 Multi-process memory interference   | 0.10625   | 0.145811  | 0.003096 | 0.254632  | 0.168197  | 1         | 0.151459 | 0.209785  | 0.061504  | -0.073855 | 0.175325  | 0.150218 | 0.050372 |
| C07 Change-log diffing                  | 0.145348  | 0.12892   | 0.075466 | 0.322572  | 0.282933  | 0.151459  | 1        | 0.168214  | 0.218521  | 0.026699  | 0.388659  | 0.308468 | 0.178173 |
| C08 Temporal / concurrency reasoning    | 0.204211  | 0.463545  | 0.057761 | 0.590078  | 0.359456  | 0.209785  | 0.168214 | 1         | 0.228325  | -0.025012 | 0.248306  | 0.309135 | 0.182254 |
| C09 Unknown-should-remain-unknown       | 0.120737  | 0.32112   | 0.096714 | 0.161817  | 0.151983  | 0.061504  | 0.218521 | 0.228325  | 1         | -0.066714 | 0.274276  | 0.282274 | 0.300618 |
| C10 Domain-synonym enforcement          | -0.054097 | -0.055526 | 0.046404 | -0.183295 | -0.001311 | -0.073855 | 0.026699 | -0.025012 | -0.066714 | 1         | -0.164086 | -0.16683 | 0.101547 |
| C11 Performance analytics commentary    | 0.292194  | 0.268055  | 0.097196 | 0.372854  | 0.321868  | 0.175325  | 0.388659 | 0.248306  | 0.274276  | -0.164086 | 1         | 0.502388 | 0.154076 |
| C12 Misinformation injection            | 0.276879  | 0.344592  | 0.101539 | 0.423174  | 0.34965   | 0.150218  | 0.308468 | 0.309135  | 0.282274  | -0.16683  | 0.502388  | 1        | 0.231174 |
| C13 Edge-case / low-support prompts     | 0.177087  | 0.212828  | 0.113257 | 0.196851  | 0.318447  | 0.050372  | 0.178173 | 0.182254  | 0.300618  | 0.101547  | 0.154076  | 0.231174 | 1        |